0.0000e+000	-2.4516e-001	-4.7023e-001	-6.7824e-001	-8.7161e-001	-1.0523e+000	-1.1489e+000	-1.2422e+000	-1.3325e+000	-1.4199e+000	-1.5046e+000	-1.5868e+000	-1.6666e+000	-1.7441e+000	-1.8195e+000	-1.8929e+000	-1.9644e+000	-2.0341e+000	-2.1020e+000	-2.1683e+000	-2.2331e+000	-2.2964e+000	-2.3161e+000	-2.3358e+000	
5.2360e-002	-1.9280e-001	-4.1787e-001	-6.2588e-001	-8.1925e-001	-9.9990e-001	-1.0965e+000	-1.1899e+000	-1.2802e+000	-1.3676e+000	-1.4523e+000	-1.5344e+000	-1.6142e+000	-1.6918e+000	-1.7672e+000	-1.8406e+000	-1.9121e+000	-1.9817e+000	-2.0497e+000	-2.1160e+000	-2.1807e+000	-2.2440e+000	-2.2638e+000	-2.2834e+000	
1.0472e-001	-1.4044e-001	-3.6551e-001	-5.7352e-001	-7.6689e-001	-9.4754e-001	-1.0442e+000	-1.1375e+000	-1.2278e+000	-1.3152e+000	-1.3999e+000	-1.4821e+000	-1.5619e+000	-1.6394e+000	-1.7148e+000	-1.7882e+000	-1.8597e+000	-1.9294e+000	-1.9973e+000	-2.0636e+000	-2.1284e+000	-2.1916e+000	-2.2114e+000	-2.2311e+000	
1.5708e-001	-8.8081e-002	-3.1315e-001	-5.2116e-001	-7.1453e-001	-8.9518e-001	-9.9181e-001	-1.0852e+000	-1.1754e+000	-1.2628e+000	-1.3475e+000	-1.4297e+000	-1.5095e+000	-1.5871e+000	-1.6625e+000	-1.7359e+000	-1.8073e+000	-1.8770e+000	-1.9450e+000	-2.0113e+000	-2.0760e+000	-2.1393e+000	-2.1591e+000	-2.1787e+000	
2.0944e-001	-3.5721e-002	-2.6079e-001	-4.6880e-001	-6.6217e-001	-8.4282e-001	-9.3945e-001	-1.0328e+000	-1.1231e+000	-1.2105e+000	-1.2952e+000	-1.3774e+000	-1.4572e+000	-1.5347e+000	-1.6101e+000	-1.6835e+000	-1.7550e+000	-1.8247e+000	-1.8926e+000	-1.9589e+000	-2.0237e+000	-2.0869e+000	-2.1067e+000	-2.1263e+000	
2.6180e-001	1.6639e-002	-2.0843e-001	-4.1644e-001	-6.0981e-001	-7.9046e-001	-8.8709e-001	-9.8044e-001	-1.0707e+000	-1.1581e+000	-1.2428e+000	-1.3250e+000	-1.4048e+000	-1.4823e+000	-1.5577e+000	-1.6311e+000	-1.7026e+000	-1.7723e+000	-1.8402e+000	-1.9066e+000	-1.9713e+000	-2.0346e+000	-2.0543e+000	-2.0740e+000	
3.1416e-001	6.8999e-002	-1.5607e-001	-3.6408e-001	-5.5745e-001	-7.3810e-001	-8.3473e-001	-9.2808e-001	-1.0184e+000	-1.1058e+000	-1.1905e+000	-1.2726e+000	-1.3524e+000	-1.4300e+000	-1.5054e+000	-1.5788e+000	-1.6503e+000	-1.7199e+000	-1.7879e+000	-1.8542e+000	-1.9189e+000	-1.9822e+000	-2.0020e+000	-2.0216e+000	
3.6652e-001	1.2136e-001	-1.0371e-001	-3.1172e-001	-5.0509e-001	-6.8574e-001	-7.8237e-001	-8.7572e-001	-9.6599e-001	-1.0534e+000	-1.1381e+000	-1.2203e+000	-1.3001e+000	-1.3776e+000	-1.4530e+000	-1.5264e+000	-1.5979e+000	-1.6676e+000	-1.7355e+000	-1.8018e+000	-1.8666e+000	-1.9298e+000	-1.9496e+000	-1.9693e+000	
4.1888e-001	1.7372e-001	-5.1347e-002	-2.5936e-001	-4.5273e-001	-6.3338e-001	-7.3001e-001	-8.2336e-001	-9.1363e-001	-1.0010e+000	-1.0857e+000	-1.1679e+000	-1.2477e+000	-1.3253e+000	-1.4007e+000	-1.4741e+000	-1.5455e+000	-1.6152e+000	-1.6832e+000	-1.7495e+000	-1.8142e+000	-1.8775e+000	-1.8973e+000	-1.9169e+000	
4.7124e-001	2.2608e-001	1.0129e-003	-2.0700e-001	-4.0037e-001	-5.8102e-001	-6.7765e-001	-7.7100e-001	-8.6127e-001	-9.4868e-001	-1.0334e+000	-1.1156e+000	-1.1954e+000	-1.2729e+000	-1.3483e+000	-1.4217e+000	-1.4932e+000	-1.5629e+000	-1.6308e+000	-1.6971e+000	-1.7619e+000	-1.8251e+000	-1.8449e+000	-1.8645e+000	
5.2360e-001	2.7844e-001	5.3373e-002	-1.5464e-001	-3.4801e-001	-5.2866e-001	-6.2529e-001	-7.1864e-001	-8.0891e-001	-8.9632e-001	-9.8103e-001	-1.0632e+000	-1.1430e+000	-1.2205e+000	-1.2959e+000	-1.3693e+000	-1.4408e+000	-1.5105e+000	-1.5784e+000	-1.6448e+000	-1.7095e+000	-1.7728e+000	-1.7925e+000	-1.8122e+000	
5.7596e-001	3.3080e-001	1.0573e-001	-1.0228e-001	-2.9565e-001	-4.7630e-001	-5.7293e-001	-6.6628e-001	-7.5655e-001	-8.4396e-001	-9.2867e-001	-1.0108e+000	-1.0906e+000	-1.1682e+000	-1.2436e+000	-1.3170e+000	-1.3885e+000	-1.4581e+000	-1.5261e+000	-1.5924e+000	-1.6571e+000	-1.7204e+000	-1.7402e+000	-1.7598e+000	
6.2832e-001	3.8316e-001	1.5809e-001	-4.9924e-002	-2.4329e-001	-4.2394e-001	-5.2057e-001	-6.1392e-001	-7.0419e-001	-7.9160e-001	-8.7631e-001	-9.5849e-001	-1.0383e+000	-1.1158e+000	-1.1912e+000	-1.2646e+000	-1.3361e+000	-1.4058e+000	-1.4737e+000	-1.5400e+000	-1.6048e+000	-1.6680e+000	-1.6878e+000	-1.7075e+000	
6.8068e-001	4.3552e-001	2.1045e-001	2.4359e-003	-1.9093e-001	-3.7158e-001	-4.6821e-001	-5.6156e-001	-6.5183e-001	-7.3924e-001	-8.2395e-001	-9.0613e-001	-9.8591e-001	-1.0635e+000	-1.1389e+000	-1.2123e+000	-1.2837e+000	-1.3534e+000	-1.4214e+000	-1.4877e+000	-1.5524e+000	-1.6157e+000	-1.6355e+000	-1.6551e+000	
7.3304e-001	4.8788e-001	2.6281e-001	5.4796e-002	-1.3857e-001	-3.1922e-001	-4.1585e-001	-5.0920e-001	-5.9947e-001	-6.8688e-001	-7.7159e-001	-8.5377e-001	-9.3355e-001	-1.0111e+000	-1.0865e+000	-1.1599e+000	-1.2314e+000	-1.3011e+000	-1.3690e+000	-1.4353e+000	-1.5001e+000	-1.5633e+000	-1.5831e+000	-1.6027e+000	
7.8540e-001	5.4024e-001	3.1517e-001	1.0716e-001	-8.6214e-002	-2.6686e-001	-3.6349e-001	-4.5684e-001	-5.4711e-001	-6.3452e-001	-7.1923e-001	-8.0141e-001	-8.8119e-001	-9.5873e-001	-1.0341e+000	-1.1075e+000	-1.1790e+000	-1.2487e+000	-1.3166e+000	-1.3830e+000	-1.4477e+000	-1.5110e+000	-1.5307e+000	-1.5504e+000	
8.3776e-001	5.9260e-001	3.6753e-001	1.5952e-001	-3.3854e-002	-2.1450e-001	-3.1113e-001	-4.0448e-001	-4.9475e-001	-5.8216e-001	-6.6687e-001	-7.4905e-001	-8.2883e-001	-9.0637e-001	-9.8178e-001	-1.0552e+000	-1.1267e+000	-1.1963e+000	-1.2643e+000	-1.3306e+000	-1.3953e+000	-1.4586e+000	-1.4784e+000	-1.4980e+000	
8.9012e-001	6.4496e-001	4.1989e-001	2.1188e-001	1.8506e-002	-1.6214e-001	-2.5877e-001	-3.5212e-001	-4.4239e-001	-5.2980e-001	-6.1451e-001	-6.9669e-001	-7.7648e-001	-8.5401e-001	-9.2942e-001	-1.0028e+000	-1.0743e+000	-1.1440e+000	-1.2119e+000	-1.2782e+000	-1.3430e+000	-1.4062e+000	-1.4260e+000	-1.4457e+000	
9.4248e-001	6.9732e-001	4.7225e-001	2.6424e-001	7.0866e-002	-1.0978e-001	-2.0641e-001	-2.9976e-001	-3.9003e-001	-4.7744e-001	-5.6215e-001	-6.4433e-001	-7.2412e-001	-8.0165e-001	-8.7706e-001	-9.5046e-001	-1.0219e+000	-1.0916e+000	-1.1596e+000	-1.2259e+000	-1.2906e+000	-1.3539e+000	-1.3737e+000	-1.3933e+000	
9.9484e-001	7.4968e-001	5.2461e-001	3.1660e-001	1.2323e-001	-5.7425e-002	-1.5405e-001	-2.4740e-001	-3.3767e-001	-4.2508e-001	-5.0979e-001	-5.9197e-001	-6.7176e-001	-7.4929e-001	-8.2470e-001	-8.9810e-001	-9.6958e-001	-1.0393e+000	-1.1072e+000	-1.1735e+000	-1.2383e+000	-1.3015e+000	-1.3213e+000	-1.3409e+000	
1.0472e+000	8.0204e-001	5.7697e-001	3.6896e-001	1.7559e-001	-5.0650e-003	-1.0169e-001	-1.9504e-001	-2.8531e-001	-3.7272e-001	-4.5743e-001	-5.3961e-001	-6.1940e-001	-6.9693e-001	-7.7234e-001	-8.4574e-001	-9.1722e-001	-9.8689e-001	-1.0548e+000	-1.1212e+000	-1.1859e+000	-1.2492e+000	-1.2689e+000	-1.2886e+000	
1.0996e+000	8.5440e-001	6.2933e-001	4.2131e-001	2.2795e-001	4.7295e-002	-4.9333e-002	-1.4268e-001	-2.3296e-001	-3.2036e-001	-4.0507e-001	-4.8725e-001	-5.6704e-001	-6.4457e-001	-7.1998e-001	-7.9338e-001	-8.6486e-001	-9.3453e-001	-1.0025e+000	-1.0688e+000	-1.1335e+000	-1.1968e+000	-1.2166e+000	-1.2362e+000	
1.1519e+000	9.0676e-001	6.8169e-001	4.7367e-001	2.8031e-001	9.9655e-002	3.0268e-003	-9.0318e-002	-1.8060e-001	-2.6800e-001	-3.5271e-001	-4.3489e-001	-5.1468e-001	-5.9221e-001	-6.6762e-001	-7.4102e-001	-8.1250e-001	-8.8217e-001	-9.5012e-001	-1.0164e+000	-1.0812e+000	-1.1444e+000	-1.1642e+000	-1.1839e+000	
1.2043e+000	9.5912e-001	7.3405e-001	5.2603e-001	3.3267e-001	1.5201e-001	5.5387e-002	-3.7958e-002	-1.2824e-001	-2.1564e-001	-3.0035e-001	-3.8253e-001	-4.6232e-001	-5.3985e-001	-6.1526e-001	-6.8866e-001	-7.6014e-001	-8.2981e-001	-8.9776e-001	-9.6407e-001	-1.0288e+000	-1.0921e+000	-1.1119e+000	-1.1315e+000	
1.2566e+000	1.0115e+000	7.8641e-001	5.7839e-001	3.8502e-001	2.0437e-001	1.0775e-001	1.4402e-002	-7.5875e-002	-1.6328e-001	-2.4799e-001	-3.3017e-001	-4.0996e-001	-4.8749e-001	-5.6290e-001	-6.3630e-001	-7.0778e-001	-7.7745e-001	-8.4540e-001	-9.1171e-001	-9.7646e-001	-1.0397e+000	-1.0595e+000	-1.0791e+000	
1.3090e+000	1.0638e+000	8.3877e-001	6.3075e-001	4.3738e-001	2.5673e-001	1.6011e-001	6.6762e-002	-2.3515e-002	-1.1092e-001	-1.9563e-001	-2.7781e-001	-3.5760e-001	-4.3513e-001	-5.1054e-001	-5.8394e-001	-6.5542e-001	-7.2509e-001	-7.9304e-001	-8.5935e-001	-9.2410e-001	-9.8735e-001	-1.0071e+000	-1.0268e+000	
1.3614e+000	1.1162e+000	8.9113e-001	6.8311e-001	4.8974e-001	3.0909e-001	2.1247e-001	1.1912e-001	2.8844e-002	-5.8561e-002	-1.4327e-001	-2.2545e-001	-3.0524e-001	-3.8277e-001	-4.5818e-001	-5.3158e-001	-6.0306e-001	-6.7273e-001	-7.4068e-001	-8.0699e-001	-8.7174e-001	-9.3499e-001	-9.5477e-001	-9.7441e-001	
1.4137e+000	1.1686e+000	9.4349e-001	7.3547e-001	5.4210e-001	3.6145e-001	2.6483e-001	1.7148e-001	8.1204e-002	-6.2008e-003	-9.0911e-002	-1.7309e-001	-2.5288e-001	-3.3041e-001	-4.0582e-001	-4.7922e-001	-5.5070e-001	-6.2037e-001	-6.8832e-001	-7.5463e-001	-8.1938e-001	-8.8263e-001	-9.0241e-001	-9.2205e-001	
1.4661e+000	1.2209e+000	9.9585e-001	7.8783e-001	5.9446e-001	4.1381e-001	3.1719e-001	2.2384e-001	1.3356e-001	4.6159e-002	-3.8551e-002	-1.2073e-001	-2.0052e-001	-2.7805e-001	-3.5346e-001	-4.2686e-001	-4.9834e-001	-5.6801e-001	-6.3596e-001	-7.0227e-001	-7.6702e-001	-8.3027e-001	-8.5005e-001	-8.6969e-001	
1.5184e+000	1.2733e+000	1.0482e+000	8.4019e-001	6.4682e-001	4.6617e-001	3.6955e-001	2.7620e-001	1.8592e-001	9.8519e-002	1.3809e-002	-6.8367e-002	-1.4816e-001	-2.2569e-001	-3.0110e-001	-3.7450e-001	-4.4598e-001	-5.1566e-001	-5.8360e-001	-6.4991e-001	-7.1466e-001	-7.7791e-001	-7.9770e-001	-8.1733e-001	
1.5708e+000	1.3256e+000	1.1006e+000	8.9255e-001	6.9918e-001	5.1853e-001	4.2191e-001	3.2856e-001	2.3828e-001	1.5088e-001	6.6169e-002	-1.6007e-002	-9.5797e-002	-1.7333e-001	-2.4874e-001	-3.2214e-001	-3.9362e-001	-4.6330e-001	-5.3124e-001	-5.9755e-001	-6.6230e-001	-7.2555e-001	-7.4534e-001	-7.6497e-001	
1.6232e+000	1.3780e+000	1.1529e+000	9.4491e-001	7.5154e-001	5.7089e-001	4.7427e-001	3.8092e-001	2.9064e-001	2.0324e-001	1.1853e-001	3.6353e-002	-4.3437e-002	-1.2097e-001	-1.9638e-001	-2.6978e-001	-3.4126e-001	-4.1094e-001	-4.7888e-001	-5.4519e-001	-6.0994e-001	-6.7319e-001	-6.9298e-001	-7.1261e-001	
1.6755e+000	1.4304e+000	1.2053e+000	9.9727e-001	8.0390e-001	6.2325e-001	5.2663e-001	4.3328e-001	3.4300e-001	2.5560e-001	1.7089e-001	8.8713e-002	8.9231e-003	-6.8614e-002	-1.4402e-001	-2.1742e-001	-2.8890e-001	-3.5858e-001	-4.2652e-001	-4.9283e-001	-5.5758e-001	-6.2084e-001	-6.4062e-001	-6.6025e-001	
1.7279e+000	1.4827e+000	1.2576e+000	1.0496e+000	8.5626e-001	6.7561e-001	5.7899e-001	4.8564e-001	3.9536e-001	3.0796e-001	2.2325e-001	1.4107e-001	6.1283e-002	-1.6255e-002	-9.1664e-002	-1.6506e-001	-2.3654e-001	-3.0622e-001	-3.7416e-001	-4.4047e-001	-5.0522e-001	-5.6848e-001	-5.8826e-001	-6.0789e-001	
1.7802e+000	1.5351e+000	1.3100e+000	1.1020e+000	9.0862e-001	7.2797e-001	6.3135e-001	5.3800e-001	4.4772e-001	3.6032e-001	2.7561e-001	1.9343e-001	1.1364e-001	3.6105e-002	-3.9304e-002	-1.1270e-001	-1.8418e-001	-2.5386e-001	-3.2180e-001	-3.8811e-001	-4.5286e-001	-5.1612e-001	-5.3590e-001	-5.5553e-001	
1.8326e+000	1.5874e+000	1.3624e+000	1.1544e+000	9.6098e-001	7.8033e-001	6.8371e-001	5.9036e-001	5.0008e-001	4.1268e-001	3.2797e-001	2.4579e-001	1.6600e-001	8.8465e-002	1.3056e-002	-6.0339e-002	-1.3182e-001	-2.0150e-001	-2.6944e-001	-3.3575e-001	-4.0050e-001	-4.6376e-001	-4.8354e-001	-5.0317e-001	
1.8850e+000	1.6398e+000	1.4147e+000	1.2067e+000	1.0133e+000	8.3269e-001	7.3607e-001	6.4272e-001	5.5244e-001	4.6504e-001	3.8033e-001	2.9815e-001	2.1836e-001	1.4083e-001	6.5416e-002	-7.9789e-003	-7.9464e-002	-1.4914e-001	-2.1708e-001	-2.8339e-001	-3.4814e-001	-4.1140e-001	-4.3118e-001	-4.5081e-001	
1.9373e+000	1.6922e+000	1.4671e+000	1.2591e+000	1.0657e+000	8.8505e-001	7.8842e-001	6.9508e-001	6.0480e-001	5.1740e-001	4.3269e-001	3.5051e-001	2.7072e-001	1.9318e-001	1.1778e-001	4.4381e-002	-2.7104e-002	-9.6776e-002	-1.6473e-001	-2.3103e-001	-2.9578e-001	-3.5904e-001	-3.7882e-001	-3.9846e-001	
1.9897e+000	1.7445e+000	1.5194e+000	1.3114e+000	1.1181e+000	9.3741e-001	8.4078e-001	7.4744e-001	6.5716e-001	5.6976e-001	4.8505e-001	4.0287e-001	3.2308e-001	2.4554e-001	1.7014e-001	9.6741e-002	2.5256e-002	-4.4416e-002	-1.1237e-001	-1.7867e-001	-2.4342e-001	-3.0668e-001	-3.2646e-001	-3.4610e-001	
2.0420e+000	1.7969e+000	1.5718e+000	1.3638e+000	1.1704e+000	9.8977e-001	8.9314e-001	7.9980e-001	7.0952e-001	6.2212e-001	5.3741e-001	4.5523e-001	3.7544e-001	2.9790e-001	2.2250e-001	1.4910e-001	7.7616e-002	7.9437e-003	-6.0005e-002	-1.2631e-001	-1.9106e-001	-2.5432e-001	-2.7410e-001	-2.9374e-001	
2.0944e+000	1.8492e+000	1.6242e+000	1.4162e+000	1.2228e+000	1.0421e+000	9.4550e-001	8.5216e-001	7.6188e-001	6.7448e-001	5.8977e-001	5.0759e-001	4.2780e-001	3.5026e-001	2.7486e-001	2.0146e-001	1.2998e-001	6.0304e-002	-7.6454e-003	-7.3954e-002	-1.3870e-001	-2.0196e-001	-2.2174e-001	-2.4138e-001	
2.1468e+000	1.9016e+000	1.6765e+000	1.4685e+000	1.2751e+000	1.0945e+000	9.9786e-001	9.0452e-001	8.1424e-001	7.2684e-001	6.4213e-001	5.5995e-001	4.8016e-001	4.0262e-001	3.2722e-001	2.5382e-001	1.8234e-001	1.1266e-001	4.4714e-002	-2.1594e-002	-8.6341e-002	-1.4960e-001	-1.6938e-001	-1.8902e-001	
2.1991e+000	1.9540e+000	1.7289e+000	1.5209e+000	1.3275e+000	1.1469e+000	1.0502e+000	9.5688e-001	8.6660e-001	7.7920e-001	6.9449e-001	6.1231e-001	5.3252e-001	4.5498e-001	3.7958e-001	3.0618e-001	2.3470e-001	1.6502e-001	9.7074e-002	3.0765e-002	-3.3981e-002	-9.7236e-002	-1.1702e-001	-1.3666e-001	
2.2515e+000	2.0063e+000	1.7812e+000	1.5732e+000	1.3799e+000	1.1992e+000	1.1026e+000	1.0092e+000	9.1896e-001	8.3156e-001	7.4685e-001	6.6467e-001	5.8488e-001	5.0734e-001	4.3193e-001	3.5854e-001	2.8706e-001	2.1738e-001	1.4943e-001	8.3125e-002	1.8379e-002	-4.4876e-002	-6.4657e-002	-8.4296e-002	
2.3038e+000	2.0587e+000	1.8336e+000	1.6256e+000	1.4322e+000	1.2516e+000	1.1549e+000	1.0616e+000	9.7132e-001	8.8392e-001	7.9921e-001	7.1703e-001	6.3724e-001	5.5970e-001	4.8429e-001	4.1090e-001	3.3942e-001	2.6974e-001	2.0179e-001	1.3549e-001	7.0739e-002	7.4834e-003	-1.2297e-002	-3.1936e-002	
2.3562e+000	2.1110e+000	1.8860e+000	1.6780e+000	1.4846e+000	1.3039e+000	1.2073e+000	1.1140e+000	1.0237e+000	9.3628e-001	8.5157e-001	7.6939e-001	6.8960e-001	6.1206e-001	5.3665e-001	4.6326e-001	3.9178e-001	3.2210e-001	2.5415e-001	1.8785e-001	1.2310e-001	5.9843e-002	4.0063e-002	2.0424e-002	
2.4086e+000	2.1634e+000	1.9383e+000	1.7303e+000	1.5369e+000	1.3563e+000	1.2597e+000	1.1663e+000	1.0760e+000	9.8864e-001	9.0393e-001	8.2175e-001	7.4196e-001	6.6442e-001	5.8901e-001	5.1562e-001	4.4413e-001	3.7446e-001	3.0651e-001	2.4020e-001	1.7546e-001	1.1220e-001	9.2423e-002	7.2784e-002	
2.4609e+000	2.2158e+000	1.9907e+000	1.7827e+000	1.5893e+000	1.4087e+000	1.3120e+000	1.2187e+000	1.1284e+000	1.0410e+000	9.5629e-001	8.7411e-001	7.9432e-001	7.1678e-001	6.4137e-001	5.6798e-001	4.9649e-001	4.2682e-001	3.5887e-001	2.9256e-001	2.2782e-001	1.6456e-001	1.4478e-001	1.2514e-001	
2.5133e+000	2.2681e+000	2.0430e+000	1.8350e+000	1.6417e+000	1.4610e+000	1.3644e+000	1.2710e+000	1.1808e+000	1.0934e+000	1.0086e+000	9.2647e-001	8.4668e-001	7.6914e-001	6.9373e-001	6.2034e-001	5.4885e-001	4.7918e-001	4.1123e-001	3.4492e-001	2.8018e-001	2.1692e-001	1.9714e-001	1.7750e-001	
2.5656e+000	2.3205e+000	2.0954e+000	1.8874e+000	1.6940e+000	1.5134e+000	1.4167e+000	1.3234e+000	1.2331e+000	1.1457e+000	1.0610e+000	9.7883e-001	8.9904e-001	8.2150e-001	7.4609e-001	6.7270e-001	6.0121e-001	5.3154e-001	4.6359e-001	3.9728e-001	3.3254e-001	2.6928e-001	2.4950e-001	2.2986e-001	
2.6180e+000	2.3728e+000	2.1478e+000	1.9398e+000	1.7464e+000	1.5657e+000	1.4691e+000	1.3758e+000	1.2855e+000	1.1981e+000	1.1134e+000	1.0312e+000	9.5140e-001	8.7386e-001	7.9845e-001	7.2506e-001	6.5357e-001	5.8390e-001	5.1595e-001	4.4964e-001	3.8490e-001	3.2164e-001	3.0186e-001	2.8222e-001	
2.6704e+000	2.4252e+000	2.2001e+000	1.9921e+000	1.7987e+000	1.6181e+000	1.5215e+000	1.4281e+000	1.3378e+000	1.2504e+000	1.1657e+000	1.0836e+000	1.0038e+000	9.2622e-001	8.5081e-001	7.7742e-001	7.0593e-001	6.3626e-001	5.6831e-001	5.0200e-001	4.3726e-001	3.7400e-001	3.5422e-001	3.3458e-001	
2.7227e+000	2.4776e+000	2.2525e+000	2.0445e+000	1.8511e+000	1.6705e+000	1.5738e+000	1.4805e+000	1.3902e+000	1.3028e+000	1.2181e+000	1.1359e+000	1.0561e+000	9.7858e-001	9.0317e-001	8.2978e-001	7.5829e-001	6.8862e-001	6.2067e-001	5.5436e-001	4.8962e-001	4.2636e-001	4.0658e-001	3.8694e-001	
2.7751e+000	2.5299e+000	2.3048e+000	2.0968e+000	1.9035e+000	1.7228e+000	1.6262e+000	1.5328e+000	1.4426e+000	1.3552e+000	1.2704e+000	1.1883e+000	1.1085e+000	1.0309e+000	9.5553e-001	8.8214e-001	8.1065e-001	7.4098e-001	6.7303e-001	6.0672e-001	5.4198e-001	4.7872e-001	4.5894e-001	4.3930e-001	
2.8274e+000	2.5823e+000	2.3572e+000	2.1492e+000	1.9558e+000	1.7752e+000	1.6785e+000	1.5852e+000	1.4949e+000	1.4075e+000	1.3228e+000	1.2406e+000	1.1608e+000	1.0833e+000	1.0079e+000	9.3450e-001	8.6301e-001	7.9334e-001	7.2539e-001	6.5908e-001	5.9434e-001	5.3108e-001	5.1130e-001	4.9166e-001	
2.8798e+000	2.6346e+000	2.4096e+000	2.2016e+000	2.0082e+000	1.8275e+000	1.7309e+000	1.6376e+000	1.5473e+000	1.4599e+000	1.3752e+000	1.2930e+000	1.2132e+000	1.1357e+000	1.0603e+000	9.8686e-001	9.1537e-001	8.4570e-001	7.7775e-001	7.1144e-001	6.4670e-001	5.8344e-001	5.6366e-001	5.4402e-001	
2.9322e+000	2.6870e+000	2.4619e+000	2.2539e+000	2.0605e+000	1.8799e+000	1.7833e+000	1.6899e+000	1.5996e+000	1.5122e+000	1.4275e+000	1.3453e+000	1.2656e+000	1.1880e+000	1.1126e+000	1.0392e+000	9.6773e-001	8.9806e-001	8.3011e-001	7.6380e-001	6.9906e-001	6.3580e-001	6.1602e-001	5.9638e-001	
2.9845e+000	2.7394e+000	2.5143e+000	2.3063e+000	2.1129e+000	1.9323e+000	1.8356e+000	1.7423e+000	1.6520e+000	1.5646e+000	1.4799e+000	1.3977e+000	1.3179e+000	1.2404e+000	1.1650e+000	1.0916e+000	1.0201e+000	9.5042e-001	8.8247e-001	8.1616e-001	7.5142e-001	6.8816e-001	6.6838e-001	6.4874e-001	
3.0369e+000	2.7917e+000	2.5666e+000	2.3586e+000	2.1653e+000	1.9846e+000	1.8880e+000	1.7946e+000	1.7044e+000	1.6170e+000	1.5322e+000	1.4501e+000	1.3703e+000	1.2927e+000	1.2173e+000	1.1439e+000	1.0725e+000	1.0028e+000	9.3483e-001	8.6852e-001	8.0378e-001	7.4052e-001	7.2074e-001	7.0110e-001	
3.0892e+000	2.8441e+000	2.6190e+000	2.4110e+000	2.2176e+000	2.0370e+000	1.9403e+000	1.8470e+000	1.7567e+000	1.6693e+000	1.5846e+000	1.5024e+000	1.4226e+000	1.3451e+000	1.2697e+000	1.1963e+000	1.1248e+000	1.0551e+000	9.8719e-001	9.2088e-001	8.5614e-001	7.9288e-001	7.7310e-001	7.5346e-001	
3.1416e+000	2.8964e+000	2.6714e+000	2.4634e+000	2.2700e+000	2.0893e+000	1.9927e+000	1.8994e+000	1.8091e+000	1.7217e+000	1.6370e+000	1.5548e+000	1.4750e+000	1.3975e+000	1.3221e+000	1.2487e+000	1.1772e+000	1.1075e+000	1.0396e+000	9.7324e-001	9.0850e-001	8.4524e-001	8.2546e-001	8.0582e-001	
3.1940e+000	2.9488e+000	2.7237e+000	2.5157e+000	2.3223e+000	2.1417e+000	2.0451e+000	1.9517e+000	1.8614e+000	1.7740e+000	1.6893e+000	1.6071e+000	1.5274e+000	1.4498e+000	1.3744e+000	1.3010e+000	1.2295e+000	1.1599e+000	1.0919e+000	1.0256e+000	9.6086e-001	8.9760e-001	8.7782e-001	8.5818e-001	
3.2463e+000	3.0012e+000	2.7761e+000	2.5681e+000	2.3747e+000	2.1940e+000	2.0974e+000	2.0041e+000	1.9138e+000	1.8264e+000	1.7417e+000	1.6595e+000	1.5797e+000	1.5022e+000	1.4268e+000	1.3534e+000	1.2819e+000	1.2122e+000	1.1443e+000	1.0780e+000	1.0132e+000	9.4996e-001	9.3018e-001	9.1054e-001	
3.2987e+000	3.0535e+000	2.8284e+000	2.6204e+000	2.4271e+000	2.2464e+000	2.1498e+000	2.0564e+000	1.9662e+000	1.8788e+000	1.7940e+000	1.7119e+000	1.6321e+000	1.5545e+000	1.4791e+000	1.4057e+000	1.3343e+000	1.2646e+000	1.1966e+000	1.1303e+000	1.0656e+000	1.0023e+000	9.8254e-001	9.6290e-001	
3.3510e+000	3.1059e+000	2.8808e+000	2.6728e+000	2.4794e+000	2.2988e+000	2.2021e+000	2.1088e+000	2.0185e+000	1.9311e+000	1.8464e+000	1.7642e+000	1.6844e+000	1.6069e+000	1.5315e+000	1.4581e+000	1.3866e+000	1.3169e+000	1.2490e+000	1.1827e+000	1.1179e+000	1.0547e+000	1.0349e+000	1.0153e+000	
3.4034e+000	3.1582e+000	2.9332e+000	2.7251e+000	2.5318e+000	2.3511e+000	2.2545e+000	2.1612e+000	2.0709e+000	1.9835e+000	1.8988e+000	1.8166e+000	1.7368e+000	1.6593e+000	1.5839e+000	1.5105e+000	1.4390e+000	1.3693e+000	1.3014e+000	1.2350e+000	1.1703e+000	1.1070e+000	1.0873e+000	1.0676e+000	
3.4558e+000	3.2106e+000	2.9855e+000	2.7775e+000	2.5841e+000	2.4035e+000	2.3069e+000	2.2135e+000	2.1232e+000	2.0358e+000	1.9511e+000	1.8689e+000	1.7892e+000	1.7116e+000	1.6362e+000	1.5628e+000	1.4913e+000	1.4217e+000	1.3537e+000	1.2874e+000	1.2227e+000	1.1594e+000	1.1396e+000	1.1200e+000	
3.5081e+000	3.2630e+000	3.0379e+000	2.8299e+000	2.6365e+000	2.4558e+000	2.3592e+000	2.2659e+000	2.1756e+000	2.0882e+000	2.0035e+000	1.9213e+000	1.8415e+000	1.7640e+000	1.6886e+000	1.6152e+000	1.5437e+000	1.4740e+000	1.4061e+000	1.3398e+000	1.2750e+000	1.2118e+000	1.1920e+000	1.1723e+000	
3.5605e+000	3.3153e+000	3.0902e+000	2.8822e+000	2.6889e+000	2.5082e+000	2.4116e+000	2.3182e+000	2.2280e+000	2.1406e+000	2.0558e+000	1.9737e+000	1.8939e+000	1.8163e+000	1.7409e+000	1.6675e+000	1.5961e+000	1.5264e+000	1.4584e+000	1.3921e+000	1.3274e+000	1.2641e+000	1.2443e+000	1.2247e+000	
3.6128e+000	3.3677e+000	3.1426e+000	2.9346e+000	2.7412e+000	2.5606e+000	2.4639e+000	2.3706e+000	2.2803e+000	2.1929e+000	2.1082e+000	2.0260e+000	1.9462e+000	1.8687e+000	1.7933e+000	1.7199e+000	1.6484e+000	1.5787e+000	1.5108e+000	1.4445e+000	1.3797e+000	1.3165e+000	1.2967e+000	1.2771e+000	
3.6652e+000	3.4200e+000	3.1950e+000	2.9869e+000	2.7936e+000	2.6129e+000	2.5163e+000	2.4230e+000	2.3327e+000	2.2453e+000	2.1606e+000	2.0784e+000	1.9986e+000	1.9211e+000	1.8457e+000	1.7723e+000	1.7008e+000	1.6311e+000	1.5632e+000	1.4968e+000	1.4321e+000	1.3688e+000	1.3491e+000	1.3294e+000	
3.7176e+000	3.4724e+000	3.2473e+000	3.0393e+000	2.8459e+000	2.6653e+000	2.5687e+000	2.4753e+000	2.3850e+000	2.2976e+000	2.2129e+000	2.1307e+000	2.0510e+000	1.9734e+000	1.8980e+000	1.8246e+000	1.7531e+000	1.6835e+000	1.6155e+000	1.5492e+000	1.4845e+000	1.4212e+000	1.4014e+000	1.3818e+000	
3.7699e+000	3.5248e+000	3.2997e+000	3.0917e+000	2.8983e+000	2.7176e+000	2.6210e+000	2.5277e+000	2.4374e+000	2.3500e+000	2.2653e+000	2.1831e+000	2.1033e+000	2.0258e+000	1.9504e+000	1.8770e+000	1.8055e+000	1.7358e+000	1.6679e+000	1.6016e+000	1.5368e+000	1.4736e+000	1.4538e+000	1.4341e+000	
3.8223e+000	3.5771e+000	3.3520e+000	3.1440e+000	2.9507e+000	2.7700e+000	2.6734e+000	2.5800e+000	2.4898e+000	2.4024e+000	2.3176e+000	2.2355e+000	2.1557e+000	2.0781e+000	2.0027e+000	1.9293e+000	1.8579e+000	1.7882e+000	1.7202e+000	1.6539e+000	1.5892e+000	1.5259e+000	1.5061e+000	1.4865e+000	
3.8746e+000	3.6295e+000	3.4044e+000	3.1964e+000	3.0030e+000	2.8224e+000	2.7257e+000	2.6324e+000	2.5421e+000	2.4547e+000	2.3700e+000	2.2878e+000	2.2080e+000	2.1305e+000	2.0551e+000	1.9817e+000	1.9102e+000	1.8405e+000	1.7726e+000	1.7063e+000	1.6415e+000	1.5783e+000	1.5585e+000	1.5389e+000	
3.9270e+000	3.6818e+000	3.4568e+000	3.2487e+000	3.0554e+000	2.8747e+000	2.7781e+000	2.6848e+000	2.5945e+000	2.5071e+000	2.4224e+000	2.3402e+000	2.2604e+000	2.1829e+000	2.1075e+000	2.0341e+000	1.9626e+000	1.8929e+000	1.8250e+000	1.7586e+000	1.6939e+000	1.6306e+000	1.6109e+000	1.5912e+000	
3.9794e+000	3.7342e+000	3.5091e+000	3.3011e+000	3.1077e+000	2.9271e+000	2.8305e+000	2.7371e+000	2.6468e+000	2.5594e+000	2.4747e+000	2.3925e+000	2.3128e+000	2.2352e+000	2.1598e+000	2.0864e+000	2.0149e+000	1.9453e+000	1.8773e+000	1.8110e+000	1.7463e+000	1.6830e+000	1.6632e+000	1.6436e+000	
4.0317e+000	3.7866e+000	3.5615e+000	3.3535e+000	3.1601e+000	2.9794e+000	2.8828e+000	2.7895e+000	2.6992e+000	2.6118e+000	2.5271e+000	2.4449e+000	2.3651e+000	2.2876e+000	2.2122e+000	2.1388e+000	2.0673e+000	1.9976e+000	1.9297e+000	1.8634e+000	1.7986e+000	1.7354e+000	1.7156e+000	1.6959e+000	
4.0841e+000	3.8389e+000	3.6138e+000	3.4058e+000	3.2125e+000	3.0318e+000	2.9352e+000	2.8418e+000	2.7516e+000	2.6642e+000	2.5794e+000	2.4973e+000	2.4175e+000	2.3399e+000	2.2645e+000	2.1911e+000	2.1197e+000	2.0500e+000	1.9820e+000	1.9157e+000	1.8510e+000	1.7877e+000	1.7679e+000	1.7483e+000	
4.1364e+000	3.8913e+000	3.6662e+000	3.4582e+000	3.2648e+000	3.0842e+000	2.9875e+000	2.8942e+000	2.8039e+000	2.7165e+000	2.6318e+000	2.5496e+000	2.4698e+000	2.3923e+000	2.3169e+000	2.2435e+000	2.1720e+000	2.1023e+000	2.0344e+000	1.9681e+000	1.9033e+000	1.8401e+000	1.8203e+000	1.8007e+000	
4.1888e+000	3.9436e+000	3.7186e+000	3.5105e+000	3.3172e+000	3.1365e+000	3.0399e+000	2.9466e+000	2.8563e+000	2.7689e+000	2.6842e+000	2.6020e+000	2.5222e+000	2.4447e+000	2.3693e+000	2.2959e+000	2.2244e+000	2.1547e+000	2.0867e+000	2.0204e+000	1.9557e+000	1.8924e+000	1.8727e+000	1.8530e+000	
4.2412e+000	3.9960e+000	3.7709e+000	3.5629e+000	3.3695e+000	3.1889e+000	3.0923e+000	2.9989e+000	2.9086e+000	2.8212e+000	2.7365e+000	2.6543e+000	2.5746e+000	2.4970e+000	2.4216e+000	2.3482e+000	2.2767e+000	2.2071e+000	2.1391e+000	2.0728e+000	2.0081e+000	1.9448e+000	1.9250e+000	1.9054e+000	
4.2935e+000	4.0483e+000	3.8233e+000	3.6153e+000	3.4219e+000	3.2412e+000	3.1446e+000	3.0513e+000	2.9610e+000	2.8736e+000	2.7889e+000	2.7067e+000	2.6269e+000	2.5494e+000	2.4740e+000	2.4006e+000	2.3291e+000	2.2594e+000	2.1915e+000	2.1252e+000	2.0604e+000	1.9972e+000	1.9774e+000	1.9577e+000	
4.3459e+000	4.1007e+000	3.8756e+000	3.6676e+000	3.4743e+000	3.2936e+000	3.1970e+000	3.1036e+000	3.0134e+000	2.9260e+000	2.8412e+000	2.7591e+000	2.6793e+000	2.6017e+000	2.5263e+000	2.4529e+000	2.3815e+000	2.3118e+000	2.2438e+000	2.1775e+000	2.1128e+000	2.0495e+000	2.0297e+000	2.0101e+000	
4.3982e+000	4.1531e+000	3.9280e+000	3.7200e+000	3.5266e+000	3.3460e+000	3.2493e+000	3.1560e+000	3.0657e+000	2.9783e+000	2.8936e+000	2.8114e+000	2.7316e+000	2.6541e+000	2.5787e+000	2.5053e+000	2.4338e+000	2.3641e+000	2.2962e+000	2.2299e+000	2.1651e+000	2.1019e+000	2.0821e+000	2.0625e+000	
4.4506e+000	4.2054e+000	3.9804e+000	3.7723e+000	3.5790e+000	3.3983e+000	3.3017e+000	3.2084e+000	3.1181e+000	3.0307e+000	2.9460e+000	2.8638e+000	2.7840e+000	2.7065e+000	2.6310e+000	2.5577e+000	2.4862e+000	2.4165e+000	2.3485e+000	2.2822e+000	2.2175e+000	2.1542e+000	2.1345e+000	2.1148e+000	
4.5029e+000	4.2578e+000	4.0327e+000	3.8247e+000	3.6313e+000	3.4507e+000	3.3541e+000	3.2607e+000	3.1704e+000	3.0830e+000	2.9983e+000	2.9161e+000	2.8364e+000	2.7588e+000	2.6834e+000	2.6100e+000	2.5385e+000	2.4689e+000	2.4009e+000	2.3346e+000	2.2699e+000	2.2066e+000	2.1868e+000	2.1672e+000	
4.5553e+000	4.3101e+000	4.0851e+000	3.8771e+000	3.6837e+000	3.5030e+000	3.4064e+000	3.3131e+000	3.2228e+000	3.1354e+000	3.0507e+000	2.9685e+000	2.8887e+000	2.8112e+000	2.7358e+000	2.6624e+000	2.5909e+000	2.5212e+000	2.4533e+000	2.3870e+000	2.3222e+000	2.2590e+000	2.2392e+000	2.2195e+000	
4.6077e+000	4.3625e+000	4.1374e+000	3.9294e+000	3.7361e+000	3.5554e+000	3.4588e+000	3.3654e+000	3.2752e+000	3.1878e+000	3.1030e+000	3.0209e+000	2.9411e+000	2.8635e+000	2.7881e+000	2.7147e+000	2.6432e+000	2.5736e+000	2.5056e+000	2.4393e+000	2.3746e+000	2.3113e+000	2.2915e+000	2.2719e+000	
4.6600e+000	4.4149e+000	4.1898e+000	3.9818e+000	3.7884e+000	3.6078e+000	3.5111e+000	3.4178e+000	3.3275e+000	3.2401e+000	3.1554e+000	3.0732e+000	2.9934e+000	2.9159e+000	2.8405e+000	2.7671e+000	2.6956e+000	2.6259e+000	2.5580e+000	2.4917e+000	2.4269e+000	2.3637e+000	2.3439e+000	2.3243e+000	
4.7124e+000	4.4672e+000	4.2422e+000	4.0341e+000	3.8408e+000	3.6601e+000	3.5635e+000	3.4702e+000	3.3799e+000	3.2925e+000	3.2078e+000	3.1256e+000	3.0458e+000	2.9683e+000	2.8928e+000	2.8195e+000	2.7480e+000	2.6783e+000	2.6103e+000	2.5440e+000	2.4793e+000	2.4160e+000	2.3963e+000	2.3766e+000	
4.7647e+000	4.5196e+000	4.2945e+000	4.0865e+000	3.8931e+000	3.7125e+000	3.6159e+000	3.5225e+000	3.4322e+000	3.3448e+000	3.2601e+000	3.1779e+000	3.0982e+000	3.0206e+000	2.9452e+000	2.8718e+000	2.8003e+000	2.7307e+000	2.6627e+000	2.5964e+000	2.5317e+000	2.4684e+000	2.4486e+000	2.4290e+000	
4.8171e+000	4.5719e+000	4.3469e+000	4.1389e+000	3.9455e+000	3.7648e+000	3.6682e+000	3.5749e+000	3.4846e+000	3.3972e+000	3.3125e+000	3.2303e+000	3.1505e+000	3.0730e+000	2.9976e+000	2.9242e+000	2.8527e+000	2.7830e+000	2.7151e+000	2.6488e+000	2.5840e+000	2.5208e+000	2.5010e+000	2.4813e+000	
4.8695e+000	4.6243e+000	4.3992e+000	4.1912e+000	3.9979e+000	3.8172e+000	3.7206e+000	3.6272e+000	3.5370e+000	3.4496e+000	3.3648e+000	3.2827e+000	3.2029e+000	3.1253e+000	3.0499e+000	2.9765e+000	2.9050e+000	2.8354e+000	2.7674e+000	2.7011e+000	2.6364e+000	2.5731e+000	2.5533e+000	2.5337e+000	
4.9218e+000	4.6767e+000	4.4516e+000	4.2436e+000	4.0502e+000	3.8696e+000	3.7729e+000	3.6796e+000	3.5893e+000	3.5019e+000	3.4172e+000	3.3350e+000	3.2552e+000	3.1777e+000	3.1023e+000	3.0289e+000	2.9574e+000	2.8877e+000	2.8198e+000	2.7535e+000	2.6887e+000	2.6255e+000	2.6057e+000	2.5861e+000	
4.9742e+000	4.7290e+000	4.5040e+000	4.2959e+000	4.1026e+000	3.9219e+000	3.8253e+000	3.7320e+000	3.6417e+000	3.5543e+000	3.4696e+000	3.3874e+000	3.3076e+000	3.2301e+000	3.1546e+000	3.0813e+000	3.0098e+000	2.9401e+000	2.8721e+000	2.8058e+000	2.7411e+000	2.6778e+000	2.6581e+000	2.6384e+000	
5.0265e+000	4.7814e+000	4.5563e+000	4.3483e+000	4.1549e+000	3.9743e+000	3.8777e+000	3.7843e+000	3.6940e+000	3.6066e+000	3.5219e+000	3.4397e+000	3.3600e+000	3.2824e+000	3.2070e+000	3.1336e+000	3.0621e+000	2.9925e+000	2.9245e+000	2.8582e+000	2.7935e+000	2.7302e+000	2.7104e+000	2.6908e+000	
5.0789e+000	4.8337e+000	4.6087e+000	4.4007e+000	4.2073e+000	4.0266e+000	3.9300e+000	3.8367e+000	3.7464e+000	3.6590e+000	3.5743e+000	3.4921e+000	3.4123e+000	3.3348e+000	3.2594e+000	3.1860e+000	3.1145e+000	3.0448e+000	2.9769e+000	2.9106e+000	2.8458e+000	2.7826e+000	2.7628e+000	2.7431e+000	
5.1313e+000	4.8861e+000	4.6610e+000	4.4530e+000	4.2597e+000	4.0790e+000	3.9824e+000	3.8890e+000	3.7988e+000	3.7114e+000	3.6266e+000	3.5445e+000	3.4647e+000	3.3871e+000	3.3117e+000	3.2383e+000	3.1668e+000	3.0972e+000	3.0292e+000	2.9629e+000	2.8982e+000	2.8349e+000	2.8151e+000	2.7955e+000	
5.1836e+000	4.9385e+000	4.7134e+000	4.5054e+000	4.3120e+000	4.1314e+000	4.0347e+000	3.9414e+000	3.8511e+000	3.7637e+000	3.6790e+000	3.5968e+000	3.5170e+000	3.4395e+000	3.3641e+000	3.2907e+000	3.2192e+000	3.1495e+000	3.0816e+000	3.0153e+000	2.9505e+000	2.8873e+000	2.8675e+000	2.8479e+000	
5.2360e+000	4.9908e+000	4.7658e+000	4.5577e+000	4.3644e+000	4.1837e+000	4.0871e+000	3.9938e+000	3.9035e+000	3.8161e+000	3.7314e+000	3.6492e+000	3.5694e+000	3.4919e+000	3.4164e+000	3.3431e+000	3.2716e+000	3.2019e+000	3.1339e+000	3.0676e+000	3.0029e+000	2.9396e+000	2.9199e+000	2.9002e+000	
5.2883e+000	5.0432e+000	4.8181e+000	4.6101e+000	4.4167e+000	4.2361e+000	4.1395e+000	4.0461e+000	3.9558e+000	3.8684e+000	3.7837e+000	3.7015e+000	3.6218e+000	3.5442e+000	3.4688e+000	3.3954e+000	3.3239e+000	3.2543e+000	3.1863e+000	3.1200e+000	3.0553e+000	2.9920e+000	2.9722e+000	2.9526e+000	
5.3407e+000	5.0955e+000	4.8705e+000	4.6625e+000	4.4691e+000	4.2884e+000	4.1918e+000	4.0985e+000	4.0082e+000	3.9208e+000	3.8361e+000	3.7539e+000	3.6741e+000	3.5966e+000	3.5212e+000	3.4478e+000	3.3763e+000	3.3066e+000	3.2387e+000	3.1724e+000	3.1076e+000	3.0444e+000	3.0246e+000	3.0049e+000	
5.3931e+000	5.1479e+000	4.9228e+000	4.7148e+000	4.5215e+000	4.3408e+000	4.2442e+000	4.1508e+000	4.0606e+000	3.9731e+000	3.8884e+000	3.8063e+000	3.7265e+000	3.6489e+000	3.5735e+000	3.5001e+000	3.4286e+000	3.3590e+000	3.2910e+000	3.2247e+000	3.1600e+000	3.0967e+000	3.0769e+000	3.0573e+000	
5.4454e+000	5.2003e+000	4.9752e+000	4.7672e+000	4.5738e+000	4.3932e+000	4.2965e+000	4.2032e+000	4.1129e+000	4.0255e+000	3.9408e+000	3.8586e+000	3.7788e+000	3.7013e+000	3.6259e+000	3.5525e+000	3.4810e+000	3.4113e+000	3.3434e+000	3.2771e+000	3.2123e+000	3.1491e+000	3.1293e+000	3.1097e+000	
5.4978e+000	5.2526e+000	5.0276e+000	4.8195e+000	4.6262e+000	4.4455e+000	4.3489e+000	4.2556e+000	4.1653e+000	4.0779e+000	3.9932e+000	3.9110e+000	3.8312e+000	3.7537e+000	3.6782e+000	3.6049e+000	3.5334e+000	3.4637e+000	3.3957e+000	3.3294e+000	3.2647e+000	3.2014e+000	3.1817e+000	3.1620e+000	
5.5501e+000	5.3050e+000	5.0799e+000	4.8719e+000	4.6785e+000	4.4979e+000	4.4013e+000	4.3079e+000	4.2176e+000	4.1302e+000	4.0455e+000	3.9633e+000	3.8836e+000	3.8060e+000	3.7306e+000	3.6572e+000	3.5857e+000	3.5161e+000	3.4481e+000	3.3818e+000	3.3171e+000	3.2538e+000	3.2340e+000	3.2144e+000	
5.6025e+000	5.3573e+000	5.1323e+000	4.9243e+000	4.7309e+000	4.5502e+000	4.4536e+000	4.3603e+000	4.2700e+000	4.1826e+000	4.0979e+000	4.0157e+000	3.9359e+000	3.8584e+000	3.7830e+000	3.7096e+000	3.6381e+000	3.5684e+000	3.5005e+000	3.4342e+000	3.3694e+000	3.3062e+000	3.2864e+000	3.2667e+000	
5.6549e+000	5.4097e+000	5.1846e+000	4.9766e+000	4.7833e+000	4.6026e+000	4.5060e+000	4.4126e+000	4.3224e+000	4.2349e+000	4.1502e+000	4.0681e+000	3.9883e+000	3.9107e+000	3.8353e+000	3.7619e+000	3.6904e+000	3.6208e+000	3.5528e+000	3.4865e+000	3.4218e+000	3.3585e+000	3.3387e+000	3.3191e+000	
5.7072e+000	5.4621e+000	5.2370e+000	5.0290e+000	4.8356e+000	4.6550e+000	4.5583e+000	4.4650e+000	4.3747e+000	4.2873e+000	4.2026e+000	4.1204e+000	4.0406e+000	3.9631e+000	3.8877e+000	3.8143e+000	3.7428e+000	3.6731e+000	3.6052e+000	3.5389e+000	3.4741e+000	3.4109e+000	3.3911e+000	3.3715e+000	
5.7596e+000	5.5144e+000	5.2894e+000	5.0813e+000	4.8880e+000	4.7073e+000	4.6107e+000	4.5174e+000	4.4271e+000	4.3397e+000	4.2550e+000	4.1728e+000	4.0930e+000	4.0155e+000	3.9400e+000	3.8667e+000	3.7952e+000	3.7255e+000	3.6575e+000	3.5912e+000	3.5265e+000	3.4632e+000	3.4435e+000	3.4238e+000	
5.8119e+000	5.5668e+000	5.3417e+000	5.1337e+000	4.9403e+000	4.7597e+000	4.6631e+000	4.5697e+000	4.4794e+000	4.3920e+000	4.3073e+000	4.2251e+000	4.1454e+000	4.0678e+000	3.9924e+000	3.9190e+000	3.8475e+000	3.7779e+000	3.7099e+000	3.6436e+000	3.5789e+000	3.5156e+000	3.4958e+000	3.4762e+000	
5.8643e+000	5.6191e+000	5.3941e+000	5.1861e+000	4.9927e+000	4.8120e+000	4.7154e+000	4.6221e+000	4.5318e+000	4.4444e+000	4.3597e+000	4.2775e+000	4.1977e+000	4.1202e+000	4.0448e+000	3.9714e+000	3.8999e+000	3.8302e+000	3.7623e+000	3.6960e+000	3.6312e+000	3.5680e+000	3.5482e+000	3.5285e+000	
5.9167e+000	5.6715e+000	5.4464e+000	5.2384e+000	5.0451e+000	4.8644e+000	4.7678e+000	4.6744e+000	4.5842e+000	4.4967e+000	4.4120e+000	4.3299e+000	4.2501e+000	4.1725e+000	4.0971e+000	4.0237e+000	3.9522e+000	3.8826e+000	3.8146e+000	3.7483e+000	3.6836e+000	3.6203e+000	3.6005e+000	3.5809e+000	
5.9690e+000	5.7239e+000	5.4988e+000	5.2908e+000	5.0974e+000	4.9168e+000	4.8201e+000	4.7268e+000	4.6365e+000	4.5491e+000	4.4644e+000	4.3822e+000	4.3024e+000	4.2249e+000	4.1495e+000	4.0761e+000	4.0046e+000	3.9349e+000	3.8670e+000	3.8007e+000	3.7359e+000	3.6727e+000	3.6529e+000	3.6333e+000	
6.0214e+000	5.7762e+000	5.5512e+000	5.3431e+000	5.1498e+000	4.9691e+000	4.8725e+000	4.7792e+000	4.6889e+000	4.6015e+000	4.5168e+000	4.4346e+000	4.3548e+000	4.2773e+000	4.2018e+000	4.1285e+000	4.0570e+000	3.9873e+000	3.9193e+000	3.8530e+000	3.7883e+000	3.7250e+000	3.7053e+000	3.6856e+000	
6.0737e+000	5.8286e+000	5.6035e+000	5.3955e+000	5.2021e+000	5.0215e+000	4.9249e+000	4.8315e+000	4.7412e+000	4.6538e+000	4.5691e+000	4.4869e+000	4.4072e+000	4.3296e+000	4.2542e+000	4.1808e+000	4.1093e+000	4.0397e+000	3.9717e+000	3.9054e+000	3.8407e+000	3.7774e+000	3.7576e+000	3.7380e+000	
6.1261e+000	5.8809e+000	5.6559e+000	5.4479e+000	5.2545e+000	5.0738e+000	4.9772e+000	4.8839e+000	4.7936e+000	4.7062e+000	4.6215e+000	4.5393e+000	4.4595e+000	4.3820e+000	4.3066e+000	4.2332e+000	4.1617e+000	4.0920e+000	4.0241e+000	3.9578e+000	3.8930e+000	3.8298e+000	3.8100e+000	3.7903e+000	
6.1785e+000	5.9333e+000	5.7082e+000	5.5002e+000	5.3069e+000	5.1262e+000	5.0296e+000	4.9362e+000	4.8460e+000	4.7585e+000	4.6738e+000	4.5917e+000	4.5119e+000	4.4343e+000	4.3589e+000	4.2855e+000	4.2140e+000	4.1444e+000	4.0764e+000	4.0101e+000	3.9454e+000	3.8821e+000	3.8623e+000	3.8427e+000	
6.2308e+000	5.9857e+000	5.7606e+000	5.5526e+000	5.3592e+000	5.1786e+000	5.0819e+000	4.9886e+000	4.8983e+000	4.8109e+000	4.7262e+000	4.6440e+000	4.5642e+000	4.4867e+000	4.4113e+000	4.3379e+000	4.2664e+000	4.1967e+000	4.1288e+000	4.0625e+000	3.9977e+000	3.9345e+000	3.9147e+000	3.8951e+000	
