  8.95633700e+004  8.95380793e+004  8.94947490e+004  8.94651671e+004  8.94458214e+004  8.93118639e+004  8.05350899e+004  7.30498316e+004  6.65368834e+004  6.07170717e+004  5.51651625e+004  4.95453159e+004  4.36023667e+004  3.70030155e+004  2.93416492e+004  2.04283914e+004  1.08675762e+004  2.79188604e+003  0.00000000e+000  0.00000000e+000  0.00000000e+000  0.00000000e+000  6.58588494e+001  4.15428809e+001
  8.95691283e+004  8.95453890e+004  8.95034376e+004  8.94673729e+004  8.94627948e+004  8.93923194e+004  8.58423091e+004  7.83909649e+004  7.16257964e+004  6.56032642e+004  6.00526068e+004  5.46579805e+004  4.91620072e+004  4.32724998e+004  3.65809653e+004  2.86819965e+004  1.95413803e+004  1.01363584e+004  3.18472254e+003  3.16954976e+002  0.00000000e+000  1.89653311e+001  1.57443951e+001  3.35127853e+001
  8.95785016e+004  8.95521322e+004  8.95136998e+004  8.94694458e+004  8.94667192e+004  8.94519054e+004  8.87922584e+004  8.35063618e+004  7.67724634e+004  7.05536990e+004  6.48991066e+004  5.95783829e+004  5.43606979e+004  4.90075382e+004  4.31644361e+004  3.63634476e+004  2.82253191e+004  1.88562783e+004  9.53320389e+003  2.78113212e+003  1.48379890e+002  6.88407621e+000  2.27326011e+001  3.12177347e+001
  8.95919263e+004  8.95586654e+004  8.95250134e+004  8.94744138e+004  8.94605772e+004  8.94877886e+004  9.05223418e+004  8.75434629e+004  8.17902520e+004  7.55484130e+004  6.97599628e+004  6.44044421e+004  5.93061530e+004  5.42915472e+004  4.90995578e+004  4.32991209e+004  3.63777102e+004  2.79887505e+004  1.82955402e+004  8.39989154e+003  1.64351133e+003  0.00000000e+000  2.14360498e+001  3.33522932e+001
  8.96094759e+004  8.95655573e+004  8.95362649e+004  8.94844418e+004  8.94498197e+004  8.94972028e+004  9.15742776e+004  9.05408162e+004  8.62763005e+004  8.04781507e+004  7.46404977e+004  6.92056965e+004  6.41113833e+004  5.92483488e+004  5.44714483e+004  4.94614143e+004  4.37006342e+004  3.66466716e+004  2.79772573e+004  1.76335835e+004  6.11394214e+003  6.73151879e+001  0.00000000e+000  3.83604842e+001
  8.96309784e+004  8.95735383e+004  8.95463755e+004  8.94992591e+004  8.94432617e+004  8.94777750e+004  9.21898417e+004  9.27135145e+004  9.00727478e+004  8.51361859e+004  7.94812448e+004  7.40044326e+004  6.88652980e+004  6.40167483e+004  5.94213409e+004  5.49269796e+004  5.01200346e+004  4.43899299e+004  3.71831091e+004  2.81681735e+004  1.68217221e+004  1.25667666e+003  4.96208114e+002  6.24221894e+001
  8.96556805e+004  8.95833178e+004  8.95551019e+004  8.95158494e+004  8.94490965e+004  8.94386395e+004  8.59704981e+004  8.60823446e+004  8.41116778e+004  7.98943714e+004  7.43836746e+004  6.84756924e+004  6.25317137e+004  5.66848796e+004  5.12386749e+004  4.65683583e+004  4.25798223e+004  3.84666639e+004  3.30355359e+004  2.52481195e+004  1.46160739e+004  4.00927095e+002  4.16668878e+002  7.47867866e+001
  8.96804792e+004  8.95958815e+004  8.95621991e+004  8.95328203e+004  8.94633781e+004  8.94149955e+004  8.29508293e+004  8.03713660e+004  7.82894337e+004  7.45597693e+004  6.94230922e+004  6.35014187e+004  5.71541426e+004  5.05138396e+004  4.39238831e+004  3.81870486e+004  3.39785424e+004  3.08878601e+004  2.75059413e+004  2.20176261e+004  1.30309964e+004  3.07099766e+002  1.72480089e+002  6.40377028e+001
  8.96995189e+004  8.96119193e+004  8.95680738e+004  8.95479792e+004  8.94854462e+004  8.94046793e+004  8.15506809e+004  7.65005924e+004  7.31068852e+004  6.93342428e+004  6.44848020e+004  5.87770714e+004  5.24156703e+004  4.54168847e+004  3.79142703e+004  3.06589822e+004  2.50848098e+004  2.19004852e+004  1.99335207e+004  1.72335238e+004  1.11914379e+004  3.15780169e+002  1.83650904e+002  5.52313949e+001
  8.97101395e+004  8.96302787e+004  8.95743029e+004  8.95583732e+004  8.95147316e+004  8.94062866e+004  8.09349397e+004  7.42510007e+004  6.91547251e+004  6.45874964e+004  5.96574644e+004  5.41321134e+004  4.79816669e+004  4.10537187e+004  3.31952183e+004  2.47135588e+004  1.69520445e+004  1.21982412e+004  1.05558429e+004  9.69353506e+003  7.80587336e+003  2.84332445e+002  1.84043240e+002  5.04968809e+001
  8.97158247e+004  8.96479894e+004  8.95839245e+004  8.95601349e+004  8.95504696e+004  8.94192986e+004  8.06264600e+004  7.31264598e+004  6.66001690e+004  6.07686309e+004  5.52066207e+004  4.95782136e+004  4.36281139e+004  3.70228154e+004  2.93564213e+004  2.04387947e+004  1.08741092e+004  2.79500105e+003  0.00000000e+000  0.00000000e+000  0.00000000e+000  0.00000000e+000  6.58626420e+001  4.15464492e+001
  8.97189552e+004  8.96637021e+004  8.95966460e+004  8.95605749e+004  8.95647305e+004  8.94993632e+004  8.59397537e+004  7.84738618e+004  7.16950103e+004  6.56602049e+004  6.00988269e+004  5.46950053e+004  4.91912755e+004  4.32952996e+004  3.65983505e+004  2.86947445e+004  1.95500442e+004  1.01413918e+004  3.18657088e+003  3.17106793e+002  0.00000000e+000  1.89691810e+001  1.57483077e+001  3.35176883e+001
  8.97202675e+004  8.96768284e+004  8.96120028e+004  8.95622784e+004  8.95660597e+004  8.95576125e+004  8.88928573e+004  8.35952085e+004  7.68476889e+004  7.06162263e+004  6.49503452e+004  5.96198115e+004  5.43937502e+004  4.90335535e+004  4.31845895e+004  3.63786532e+004  2.82362217e+004  1.88633360e+004  9.53683870e+003  2.78225101e+003  1.48460246e+002  6.88454708e+000  2.27372011e+001  3.12244345e+001
  8.97201425e+004  8.96870698e+004  8.96287970e+004  8.95682322e+004  8.95578301e+004  8.95915200e+004  9.06242099e+004  8.76368986e+004  8.18713393e+004  7.56166654e+004  6.98164480e+004  6.44505434e+004  5.93432656e+004  5.43210216e+004  4.91226522e+004  4.33168968e+004  3.63909462e+004  2.79979589e+004  1.83010963e+004  8.40235023e+003  1.64404614e+003  0.00000000e+000  2.14423451e+001  3.33615039e+001
  8.97189185e+004  8.96944492e+004  8.96452483e+004  8.95803957e+004  8.95457756e+004  8.95986882e+004  9.16761419e+004  9.06373881e+004  8.63625968e+004  8.05521135e+004  7.47024054e+004  6.92567151e+004  6.41528363e+004  5.92815546e+004  5.44976926e+004  4.94818825e+004  4.37162748e+004  3.66581186e+004  2.79848962e+004  1.76377706e+004  6.11531405e+003  6.73491784e+001  0.00000000e+000  3.83728774e+001
  8.97168404e+004  8.96993249e+004  8.96596371e+004  8.95981720e+004  8.95388638e+004  8.95771165e+004  9.22908429e+004  9.28119508e+004  9.01633427e+004  8.52155774e+004  7.95486473e+004  7.40605689e+004  6.89113558e+004  6.40539757e+004  5.94509915e+004  5.49503011e+004  5.01381494e+004  4.44036587e+004  3.71929263e+004  2.81743687e+004  1.68246446e+004  1.25686033e+003  4.96292266e+002  6.24415965e+001
  8.97140907e+004  8.97021505e+004  8.96711473e+004  8.96181323e+004  8.95453094e+004  8.95362624e+004  8.60648529e+004  8.61749610e+004  8.41987418e+004  7.99723652e+004  7.44509222e+004  6.85321604e+004  6.25781622e+004  5.67222803e+004  5.12680518e+004  4.65909250e+004  4.25970478e+004  3.84798582e+004  3.30453149e+004  2.52545331e+004  1.46191589e+004  4.01010222e+002  4.16744443e+002  7.48123858e+001
  8.97106062e+004  8.97036426e+004  8.96790563e+004  8.96384256e+004  8.95610568e+004  8.95115838e+004  8.30412215e+004  8.04583392e+004  7.83720096e+004  7.46351000e+004  6.94891562e+004  6.35575562e+004  5.72006363e+004  5.05513478e+004  4.39531501e+004  3.82089424e+004  3.39944459e+004  3.08996526e+004  2.75149249e+004  2.20239144e+004  1.30342071e+004  3.07187005e+002  1.72534942e+002  6.40674386e+001
  8.97060522e+004  8.97045961e+004  8.96833173e+004  8.96563989e+004  8.95852304e+004  8.95010527e+004  8.16388064e+004  7.65832210e+004  7.31847604e+004  6.94059728e+004  6.45486233e+004  5.88320251e+004  5.24616361e+004  4.54542044e+004  3.79434326e+004  3.06805209e+004  2.50994906e+004  2.19101875e+004  1.99406457e+004  1.72389445e+004  1.11945514e+004  3.15887602e+002  1.83719565e+002  5.52670162e+001
  8.97002404e+004  8.97054903e+004  8.96850213e+004  8.96686534e+004  8.96169682e+004  8.95032841e+004  8.10220243e+004  7.43307268e+004  6.92285048e+004  6.46552279e+004  5.97181763e+004  5.41849652e+004  4.80263497e+004  4.10903322e+004  3.32240228e+004  2.47348508e+004  1.69661695e+004  1.22057962e+004  1.05599675e+004  9.69686445e+003  7.80824590e+003  2.84449882e+002  1.84129834e+002  5.05407264e+001
  8.96944251e+004  8.97057274e+004  8.96871332e+004  8.96708331e+004  8.96551698e+004  8.95176683e+004  8.07134527e+004  7.32045770e+004  6.66709111e+004  6.08326082e+004  5.52637458e+004  4.96281546e+004  4.36706769e+004  3.70580213e+004  2.93843845e+004  2.04596170e+004  1.08879174e+004  2.80197791e+003  0.00000000e+000  0.00000000e+000  0.00000000e+000  0.00000000e+000  6.59083195e+001  4.15988245e+001
  8.96907127e+004  8.97050341e+004  8.96900003e+004  8.96698075e+004  8.96715009e+004  8.95997198e+004  8.60309239e+004  7.85553704e+004  7.17685218e+004  6.57266975e+004  6.01585630e+004  5.47478202e+004  4.92369605e+004  4.33338133e+004  3.66297825e+004  2.87191850e+004  1.95675538e+004  1.01520972e+004  3.19067189e+003  3.17468001e+002  0.00000000e+000  1.90346361e+001  1.58014877e+001  3.35824840e+001
  8.96904319e+004  8.97034667e+004  8.96939341e+004  8.96679885e+004  8.96740756e+004  8.96602787e+004  8.89872123e+004  8.36803605e+004  7.69242644e+004  7.06853906e+004  6.50126849e+004  5.96753859e+004  5.44424058e+004  4.90752138e+004  4.32193258e+004  3.64065759e+004  2.82573699e+004  1.88777217e+004  9.54458650e+003  2.78474955e+003  1.48663740e+002  6.96589043e+000  2.28257820e+001  3.13085162e+001
  8.96939577e+004  8.97014156e+004  8.96984584e+004  8.96684420e+004  8.96658812e+004  8.96964747e+004  9.07213844e+004  8.77254324e+004  8.19511999e+004  7.56886945e+004  6.98814539e+004  6.45088328e+004  5.93947935e+004  5.43656972e+004  4.91605267e+004  4.33481222e+004  3.64156090e+004  2.80160210e+004  1.83125047e+004  8.40763341e+003  1.64527803e+003  0.00000000e+000  2.15285007e+001  3.34710003e+001
  8.97013318e+004  8.96994592e+004  8.97025046e+004  8.96733741e+004  8.96523834e+004  8.97055169e+004  9.17759306e+004  9.07290411e+004  8.64457438e+004  8.06271780e+004  7.47701785e+004  6.93177234e+004  6.42071888e+004  5.93291708e+004  5.45385796e+004  4.95162199e+004  4.37442543e+004  3.66797572e+004  2.80000478e+004  1.76464492e+004  6.11834402e+003  6.74861271e+001  0.00000000e+000  3.85136885e+001
  8.97123654e+004  8.96983276e+004  8.97050303e+004  8.96825591e+004  8.96424196e+004  8.96850203e+004  9.23929517e+004  9.29065118e+004  9.02496857e+004  8.52937580e+004  7.96192899e+004  7.41243245e+004  6.89685142e+004  6.41045098e+004  5.94948393e+004  5.49876040e+004  5.01692092e+004  4.44286542e+004  3.72117498e+004  2.81868017e+004  1.68307959e+004  1.25744840e+003  4.96646611e+002  6.26394638e+001
  8.97262842e+004  8.96987274e+004  8.97058199e+004  8.96930214e+004  8.96442254e+004  8.96440907e+004  8.61627076e+004  8.62659712e+004  8.42821029e+004  8.00478968e+004  7.45189892e+004  6.85933132e+004  6.26327278e+004  5.67702088e+004  5.13090994e+004  4.66251590e+004  4.26252352e+004  3.85029233e+004  3.30634154e+004  2.52670594e+004  1.46255617e+004  4.01446573e+002  4.17141553e+002  7.50798354e+001
  8.97399182e+004  8.97016458e+004  8.97046476e+004  8.97034077e+004  8.96538893e+004  8.96179699e+004  8.31365261e+004  8.05455891e+004  7.84520434e+004  7.47076660e+004  6.95544453e+004  6.36160145e+004  5.72526113e+004  5.05968389e+004  4.39917984e+004  3.82403666e+004  3.40191707e+004  3.09193825e+004  2.75309186e+004  2.20357914e+004  1.30407475e+004  3.07711641e+002  1.72961647e+002  6.44138999e+001
  8.97473226e+004  8.97077642e+004  8.97019356e+004  8.97115580e+004  8.96707921e+004  8.96045132e+004  8.17317517e+004  7.66672633e+004  7.32612836e+004  6.94752841e+004  6.46108699e+004  5.88875893e+004  5.25108853e+004  4.54972243e+004  3.79799036e+004  3.07097973e+004  2.51211051e+004  2.19256426e+004  1.99528208e+004  1.72487683e+004  1.12007130e+004  3.16590055e+002  1.84279885e+002  5.57175113e+001
  8.97459315e+004  8.97158824e+004  8.96992767e+004  8.97145437e+004  8.96944096e+004  8.96023405e+004  8.11119590e+004  7.44118408e+004  6.93016864e+004  6.47211151e+004  5.97771255e+004  5.42373784e+004  4.80726385e+004  4.11306872e+004  3.32582441e+004  2.47623199e+004  1.69859581e+004  1.22172015e+004  1.05667233e+004  9.70265108e+003  7.81265172e+003  2.85283931e+002  1.84896696e+002  5.11295160e+001
  8.97395058e+004  8.97229896e+004  8.96997143e+004  8.97085118e+004  8.97240257e+004  8.96109614e+004  8.07992551e+004  7.32825222e+004  6.67409444e+004  6.08951112e+004  5.53192318e+004  4.96771637e+004  4.37137180e+004  3.70954175e+004  2.94160939e+004  2.04851515e+004  1.09063993e+004  2.81218704e+003  0.00000000e+000  0.00000000e+000  0.00000000e+000  0.00000000e+000  6.64247262e+001  4.23529598e+001
  8.97305814e+004  8.97277804e+004  8.97029387e+004  8.97008031e+004  8.97316904e+004  8.96862085e+004  8.61184713e+004  7.86359639e+004  7.18414034e+004  6.57919609e+004  6.02166375e+004  5.47992397e+004  4.92822753e+004  4.33734795e+004  3.66639882e+004  2.87477070e+004  1.95897409e+004  1.01669766e+004  3.19695913e+003  3.18224442e+002  0.00000000e+000  2.01307002e+001  1.66660337e+001  3.45705287e+001
  8.97199398e+004  8.97297471e+004  8.97084803e+004  8.96940156e+004  8.97259867e+004  8.97391106e+004  8.90727452e+004  8.37629878e+004  7.69998885e+004  7.07534638e+004  6.50734347e+004  5.97292878e+004  5.44900171e+004  4.91170779e+004  4.32558247e+004  3.64377547e+004  2.82828284e+004  1.88966599e+004  9.55595368e+003  2.78906280e+003  1.49211102e+002  8.49066915e+000  2.43219482e+001  3.26278372e+001
  8.97079770e+004  8.97286662e+004  8.97151567e+004  8.96911441e+004  8.97103117e+004  8.97671646e+004  9.08026081e+004  8.78082250e+004  8.20291682e+004  7.57595472e+004  6.99449545e+004  6.45653129e+004  5.94447677e+004  5.44097440e+004  4.91991700e+004  4.33816570e+004  3.64439303e+004  2.80385464e+004  1.83282909e+004  8.41624542e+003  1.64800755e+003  0.00000000e+000  2.29343294e+001  3.52037896e+001
  8.96950419e+004  8.97246216e+004  8.97212180e+004  8.96941576e+004  8.96904197e+004  8.97679970e+004  9.18513926e+004  9.08101055e+004  8.65250479e+004  8.07005882e+004  7.48364517e+004  6.93768793e+004  6.42596299e+004  5.93754496e+004  5.45792952e+004  4.95518672e+004  4.37750334e+004  3.67054006e+004  2.80197699e+004  1.76594095e+004  6.12467569e+003  6.87431607e+001  0.00000000e+000  4.07442587e+001
  8.96813903e+004  8.97180213e+004  8.97249822e+004  8.97024745e+004  8.96752963e+004  8.97396295e+004  9.24617387e+004  9.29842504e+004  9.03290392e+004  8.53691738e+004  7.96882333e+004  7.41862185e+004  6.90235422e+004  6.41531276e+004  5.95376445e+004  5.50252168e+004  5.02020878e+004  4.44568980e+004  3.72349072e+004  2.82039205e+004  1.68412123e+004  1.26180165e+003  5.00252592e+002  6.57119292e+001
  8.96672163e+004  8.97093592e+004  8.97256742e+004  8.97126841e+004  8.96731829e+004  8.96915238e+004  8.62199772e+004  8.63328009e+004  8.43531053e+004  8.01175400e+004  7.45837023e+004  6.86515390e+004  6.26840615e+004  5.68148015e+004  5.13475001e+004  4.66582497e+004  4.26539935e+004  3.85280821e+004  3.30852672e+004  2.52848975e+004  1.46375539e+004  4.06722427e+002  4.21930053e+002  7.92587556e+001
  8.96524664e+004  8.96993868e+004  8.97226116e+004  8.97229599e+004  8.96800383e+004  8.96591914e+004  8.31849966e+004  8.06020852e+004  7.85139512e+004  7.47703887e+004  6.96140927e+004  6.36702481e+004  5.73003401e+004  5.06377109e+004  4.40260212e+004  3.82687428e+004  3.40429927e+004  3.09399730e+004  2.75492018e+004  2.20523174e+004  1.30540418e+004  3.14531988e+002  1.79094923e+002  6.99367892e+001
  8.96368056e+004  8.96889300e+004  8.97157864e+004  8.97306769e+004  8.96950079e+004  8.96406208e+004  8.17732750e+004  7.67149520e+004  7.33141590e+004  6.95303087e+004  6.46645404e+004  5.89372265e+004  5.25548361e+004  4.55345841e+004  3.80103517e+004  3.07337231e+004  2.51397155e+004  2.19407409e+004  1.99659668e+004  1.72609346e+004  1.12132597e+004  3.25901516e+002  1.92365392e+002  6.29415914e+001
  8.96199985e+004  8.96784990e+004  8.97063266e+004  8.97324638e+004  8.97172563e+004  8.96344425e+004  8.11479805e+004  7.44523600e+004  6.93463747e+004  6.47682473e+004  5.98240957e+004  5.42816797e+004  4.81123614e+004  4.11645005e+004  3.32852855e+004  2.47823387e+004  1.69996789e+004  1.22263569e+004  1.05737744e+004  9.70903109e+003  7.81912115e+003  2.96407697e+002  1.95892657e+002  6.04745282e+001
  8.96031433e+004  8.96675243e+004  8.96972359e+004  8.97239879e+004  8.97457159e+004  8.96400631e+004  8.08309803e+004  7.33173737e+004  6.67787159e+004  6.09348053e+004  5.53591864e+004  4.97154629e+004  4.37485833e+004  3.71253508e+004  2.94398565e+004  2.05018557e+004  1.09159408e+004  2.81583107e+003  0.00000000e+000  0.00000000e+000  0.00000000e+000  0.00000000e+000  7.40297685e+001  5.39439402e+001
  8.95881712e+004  8.96557258e+004  8.96888998e+004  8.97121596e+004  8.97520356e+004  8.97131336e+004  8.61484539e+004  7.86687739e+004  7.18770862e+004  6.58299112e+004  6.02555854e+004  5.48374970e+004  4.93180988e+004  4.34053091e+004  3.66904810e+004  2.87677261e+004  1.96025597e+004  1.01728546e+004  3.19772784e+003  3.17398006e+002  0.00000000e+000  3.32872141e+001  2.80262705e+001  4.85340216e+001
  8.95764424e+004  8.96430922e+004  8.96816650e+004  8.96994265e+004  8.97443651e+004  8.97643973e+004  8.91008381e+004  8.37939102e+004  7.70335702e+004  7.07895908e+004  6.51111004e+004  5.97670834e+004  5.45263137e+004  4.91503115e+004  4.32846136e+004  3.64608655e+004  2.82991940e+004  1.89056711e+004  9.55817595e+003  2.78742362e+003  1.47967205e+002  2.07770349e+001  3.90750395e+001  4.80238002e+001
  8.95684591e+004  8.96299583e+004  8.96750657e+004  8.96888936e+004  8.97257224e+004  8.97910003e+004  9.08289558e+004  8.78372847e+004  8.20609360e+004  7.57938273e+004  6.99811472e+004  6.46023078e+004  5.94811085e+004  5.44439061e+004  4.92297645e+004  4.34074459e+004  3.64637459e+004  2.80513407e+004  1.83334623e+004  8.41469752e+003  1.64426280e+003  0.00000000e+000  3.03758995e+001  4.83072322e+001
  8.95643768e+004  8.96168903e+004  8.96680240e+004  8.96828013e+004  8.97016085e+004  8.97901714e+004  9.18761377e+004  9.08373776e+004  8.65549498e+004  8.07330255e+004  7.48710411e+004  6.94128015e+004  6.42956468e+004  5.94101152e+004  5.46112177e+004  4.95798297e+004  4.37979032e+004  3.67220247e+004  2.80290521e+004  1.76606024e+004  6.11874472e+003  6.52862280e+001  0.00000000e+000  4.60592586e+001
  8.95641294e+004  8.96046332e+004  8.96594856e+004  8.96809471e+004  8.96808987e+004  8.97595500e+004  9.24848644e+004  9.30098266e+004  9.03571292e+004  8.53997787e+004  7.97211315e+004  7.42208460e+004  6.90589125e+004  6.41879265e+004  5.95704770e+004  5.50548537e+004  5.02274795e+004  4.44769608e+004  3.72484495e+004  2.82097658e+004  1.68381545e+004  1.24951933e+003  4.89952809e+002  5.83095872e+001
  8.95671650e+004  8.95939190e+004  8.96492298e+004  8.96803669e+004  8.96718685e+004  8.97082686e+004  8.62390383e+004  8.63545900e+004  8.43772309e+004  8.01438937e+004  7.46121012e+004  6.86815803e+004  6.27150124e+004  5.68455421e+004  5.13766180e+004  4.66844715e+004  4.26766569e+004  3.85467214e+004  3.30986378e+004  2.52913366e+004  1.46354723e+004  3.92209381e+002  4.06705501e+002  6.36357347e+001
  8.95709269e+004  8.95857498e+004  8.96370359e+004  8.96797151e+004  8.96706310e+004  8.96716302e+004  8.32002701e+004  8.06200192e+004  7.85342952e+004  7.47927973e+004  6.96383263e+004  6.36959782e+004  5.73270281e+004  5.06645015e+004  4.40516517e+004  3.82916828e+004  3.40623290e+004  3.09559379e+004  2.75616326e+004  2.20590992e+004  1.30533286e+004  3.04643049e+002  1.67346592e+002  5.60770041e+001
  8.95704567e+004  8.95808971e+004  8.96233261e+004  8.96768392e+004  8.96765886e+004  8.96475215e+004  8.17843446e+004  7.67290426e+004  7.33307715e+004  6.95489888e+004  6.46849073e+004  5.89589374e+004  5.25774548e+004  4.55574823e+004  3.80325740e+004  3.07538184e+004  2.51559723e+004  2.19530597e+004  1.99757982e+004  1.72677976e+004  1.12130564e+004  3.18068950e+002  1.84596744e+002  5.46899374e+001
  8.95633222e+004  8.95785459e+004  8.96096806e+004  8.96688175e+004  8.96892354e+004  8.96345906e+004  8.11540285e+004  7.44623546e+004  6.93592440e+004  6.47833117e+004  5.98408309e+004  5.42996542e+004  4.81311527e+004  4.11836056e+004  3.33040276e+004  2.47996702e+004  1.70138704e+004  1.22352324e+004  1.05792350e+004  9.71365431e+003  7.82127921e+003  2.87300900e+002  1.86887502e+002  5.27185413e+001
  8.95522498e+004  8.95761589e+004  8.95992122e+004  8.96517898e+004  8.97078727e+004  8.96323719e+004  8.08309827e+004  7.33227076e+004  6.67876653e+004  6.09462746e+004  5.53724386e+004  4.97299408e+004  4.37638088e+004  3.71408496e+004  2.94550980e+004  2.05161553e+004  1.09281711e+004  2.82384401e+003  0.00000000e+000  0.00000000e+000  0.00000000e+000  0.00000000e+000  6.74779172e+001  4.39824986e+001
  8.95391367e+004  8.95725219e+004  8.95918141e+004  8.96331036e+004  8.97045375e+004  8.96967729e+004  8.61443015e+004  7.86712014e+004  7.18839082e+004  6.58397416e+004  6.02675236e+004  5.48509041e+004  4.93324656e+004  4.34201747e+004  3.67053687e+004  2.87820934e+004  1.96156756e+004  1.01834231e+004  3.20322274e+003  3.18590754e+002  0.00000000e+000  2.05553956e+001  1.72049065e+001  3.56671119e+001
  8.95246104e+004  8.95670000e+004  8.95872139e+004  8.96154111e+004  8.96878216e+004  8.97387706e+004  8.90905919e+004  8.37928124e+004  7.70379186e+004  7.07975702e+004  6.51215894e+004  5.97793236e+004  5.45397414e+004  4.91644541e+004  4.32990199e+004  3.64750543e+004  2.83126147e+004  1.89175718e+004  9.56712580e+003  2.79226685e+003  1.49269673e+002  8.20522826e+000  2.43535961e+001  3.29859671e+001
  8.95090551e+004  8.95592230e+004  8.95843496e+004  8.96018053e+004  8.96611374e+004  8.97558675e+004  9.08113528e+004  8.78315269e+004  8.20623230e+004  7.57996813e+004  6.99900136e+004  6.46132667e+004  5.94935082e+004  5.44572378e+004  4.92435861e+004  4.34213098e+004  3.64771607e+004  2.80637649e+004  1.83441952e+004  8.42288303e+003  1.64890187e+003  0.00000000e+000  2.23436927e+001  3.47403403e+001
  8.94928370e+004  8.95491581e+004  8.95815240e+004  8.95943644e+004  8.96302796e+004  8.97456924e+004  9.18503805e+004  9.08258452e+004  8.65526295e+004  8.07363787e+004  7.48780651e+004  6.94223355e+004  6.43069172e+004  5.94225490e+004  5.46243562e+004  4.95932521e+004  4.38111561e+004  3.67345990e+004  2.80404536e+004  1.76705585e+004  6.12697971e+003  6.78886188e+001  0.00000000e+000  3.94080725e+001
  8.94762332e+004  8.95371277e+004  8.95770644e+004  8.95926035e+004  8.96042983e+004  8.97062774e+004  9.24505253e+004  9.29915902e+004  9.03502498e+004  8.54001095e+004  7.97260216e+004  7.42287736e+004  6.90689313e+004  6.41993711e+004  5.95828398e+004  5.50677181e+004  5.02404430e+004  4.44895470e+004  3.72601183e+004  2.82202097e+004  1.68478451e+004  1.25895192e+003  4.97606922e+002  6.32755153e+001
  8.94594571e+004  8.95235658e+004  8.95701808e+004  8.95931865e+004  8.95915102e+004  8.96471217e+004  8.61969789e+004  8.63286512e+004  8.43639377e+004  8.01393226e+004  7.46131847e+004  6.86863387e+004  6.27221977e+004  5.68543018e+004  5.13863217e+004  4.66946575e+004  4.26870170e+004  3.85569123e+004  3.31079885e+004  2.52990927e+004  1.46422787e+004  4.02003003e+002  4.17768904e+002  7.54909604e+001
  8.94424683e+004  8.95091826e+004  8.95601642e+004  8.95943399e+004  8.95879485e+004  8.96037976e+004  8.31510812e+004  8.05869186e+004  7.85144078e+004  7.47828312e+004  6.96351840e+004  6.36973394e+004  5.73313242e+004  5.06706575e+004  4.40588751e+004  3.82993747e+004  3.40701259e+004  3.09636903e+004  2.75689760e+004  2.20649470e+004  1.30567743e+004  3.08011236e+002  1.73180934e+002  6.45885433e+001
  8.94249310e+004  8.94947776e+004  8.95469761e+004  8.95934708e+004  8.95928289e+004  8.95743526e+004  8.17289267e+004  7.66893927e+004  7.33045019e+004  6.95333747e+004  6.46771416e+004  5.89565928e+004  5.25787069e+004  4.55610200e+004  3.80374295e+004  3.07592434e+004  2.51613976e+004  2.19582984e+004  1.99809111e+004  1.72722932e+004  1.12151100e+004  3.16665173e+002  1.84295471e+002  5.56641219e+001
  8.94065519e+004  8.94808475e+004  8.95317141e+004  8.95872241e+004  8.96053751e+004  8.95574852e+004  8.10935107e+004  7.44169439e+004  6.93270482e+004  6.47620947e+004  5.98281844e+004  5.42932853e+004  4.81291302e+004  4.11844220e+004  3.33065341e+004  2.48029763e+004  1.70172578e+004  1.22381300e+004  1.05818090e+004  9.71618821e+003  7.82311827e+003  2.85121418e+002  1.84645040e+002  5.08400422e+001
  8.93882456e+004  8.94668173e+004  8.95173545e+004  8.95712734e+004  8.96245639e+004  8.95526725e+004  8.07666386e+004  7.32725147e+004  6.67502103e+004  6.09197650e+004  5.53548748e+004  4.97193096e+004  4.37582516e+004  3.71387697e+004  2.94551912e+004  2.05173833e+004  1.09297023e+004  2.82498657e+003  0.00000000e+000  0.00000000e+000  0.00000000e+000  0.00000000e+000  6.61061166e+001  4.18064787e+001
  8.93717516e+004  8.94523662e+004  8.95042649e+004  8.95525246e+004  8.96220842e+004  8.96156069e+004  8.60737371e+004  7.86146538e+004  7.18404274e+004  6.58078070e+004  6.02453158e+004  5.48365062e+004  4.93240202e+004  4.34160041e+004  3.67040534e+004  2.87824754e+004  1.96168262e+004  1.01845936e+004  3.20377893e+003  3.18638775e+002  0.00000000e+000  1.90790597e+001  1.58545037e+001  3.37105746e+001
  8.93584932e+004  8.94373793e+004  8.94927761e+004  8.95334170e+004  8.96061145e+004  8.96570851e+004  8.90159876e+004  8.37301694e+004  7.69883542e+004  7.07600110e+004  6.50944344e+004  5.97607856e+004  5.45280096e+004  4.91578192e+004  4.32959694e+004  3.64743179e+004  2.83131606e+004  1.89185588e+004  9.56787176e+003  2.79252381e+003  1.49312511e+002  6.93759112e+000  2.28495420e+001  3.13742844e+001
  8.93491373e+004  8.94221137e+004  8.94823840e+004  8.95170470e+004  8.95796905e+004  8.96743031e+004  9.07342143e+004  8.77638185e+004  8.20067919e+004  7.57563639e+004  6.99576599e+004  6.45902517e+004  5.94781078e+004  5.44477588e+004  4.92384559e+004  4.34191578e+004  3.64768511e+004  2.80643723e+004  1.83449431e+004  8.42325095e+003  1.64896008e+003  0.00000000e+000  2.15144576e+001  3.34833172e+001
  8.93439695e+004  8.94071163e+004  8.94719580e+004  8.95056393e+004  8.95483253e+004  8.96645298e+004  9.17717715e+004  9.07542018e+004  8.64916228e+004  8.06872953e+004  7.48403193e+004  6.93945504e+004  6.42874928e+004  5.94098469e+004  5.46167880e+004  4.95893704e+004  4.38097199e+004  3.67345952e+004  2.80410413e+004  1.76710450e+004  6.12695089e+003  6.76651943e+001  0.00000000e+000  3.84761025e+001
  8.93430491e+004  8.93931462e+004  8.94603975e+004  8.94989634e+004  8.95209009e+004  8.96254351e+004  9.23711745e+004  9.29170263e+004  9.02844643e+004  8.53454562e+004  7.96827794e+004  7.41959796e+004  6.90451614e+004  6.41830772e+004  5.95724672e+004  5.50617770e+004  5.02375945e+004  4.44886775e+004  3.72603265e+004  2.82207345e+004  1.68480598e+004  1.25834487e+003  4.96957841e+002  6.25580860e+001
  8.93460405e+004  8.93809610e+004  8.94474507e+004  8.94940225e+004  8.95056818e+004  8.95661990e+004  8.61212637e+004  8.62569327e+004  8.42990543e+004  8.00837771e+004  7.45679708e+004  6.86511135e+004  6.26959332e+004  5.68357252e+004  5.13740771e+004  4.66873288e+004  4.26831470e+004  3.85552278e+004  3.31075686e+004  2.52992509e+004  1.46424052e+004  4.01554265e+002  4.17260071e+002  7.49295977e+001
  8.93509843e+004  8.93715764e+004  8.94328822e+004  8.94894372e+004  8.94987642e+004  8.95221333e+004  8.30769850e+004  8.05180493e+004  7.84513611e+004  7.47275878e+004  6.95890144e+004  6.36604119e+004  5.73030275e+004  5.06500169e+004  4.40447885e+004  3.82906525e+004  3.40653825e+004  3.09614259e+004  2.75680643e+004  2.20647421e+004  1.30567638e+004  3.07672501e+002  1.72799918e+002  6.41600081e+001
  8.93538633e+004  8.93658521e+004  8.94170998e+004  8.94830277e+004  8.94995256e+004  8.94911294e+004  8.16550911e+004  7.66224461e+004  7.32436081e+004  6.94793484e+004  6.46310441e+004  5.89188348e+004  5.25490171e+004  4.55387186e+004  3.80216670e+004  3.07490839e+004  2.51557819e+004  2.19557173e+004  1.99797903e+004  1.72718422e+004  1.12149663e+004  3.16399933e+002  1.84003821e+002  5.53381579e+001
  8.93522749e+004  8.93633540e+004  8.94016585e+004  8.94718536e+004  8.95074288e+004  8.94718318e+004  8.10188628e+004  7.43508026e+004  6.92679334e+004  6.47097469e+004  5.97830189e+004  5.42556099e+004  4.80988270e+004  4.11610384e+004  3.32894467e+004  2.47914798e+004  1.70105724e+004  1.22353317e+004  1.05809271e+004  9.71574303e+003  7.82294790e+003  2.84922145e+002  1.84414757e+002  5.05927717e+001
  8.93477932e+004  8.93619951e+004  8.93897274e+004  8.94520332e+004  8.95217404e+004  8.94637648e+004  8.06902604e+004  7.32060979e+004  6.66920793e+004  6.08690138e+004  5.53111697e+004  4.96825274e+004  4.37281784e+004  3.71150272e+004  2.94373109e+004  2.05048579e+004  1.09219723e+004  2.82140244e+003  0.00000000e+000  0.00000000e+000  0.00000000e+000  0.00000000e+000  6.59949692e+001  4.16217039e+001
  8.93416234e+004  8.93606012e+004  8.93813923e+004  8.94308906e+004  8.95145018e+004  8.95227209e+004  8.59923482e+004  7.85441089e+004  7.17788606e+004  6.57539922e+004  6.01986376e+004  5.47967023e+004  4.92908828e+004  4.33892173e+004  3.66831944e+004  2.87670894e+004  1.96064372e+004  1.01786519e+004  3.20163173e+003  3.18465494e+002  0.00000000e+000  1.89827718e+001  1.57644091e+001  3.35721288e+001
  8.93342269e+004  8.93583548e+004  8.93765583e+004  8.94111129e+004  8.94942746e+004  8.95597250e+004  8.89300674e+004  8.36551728e+004  7.69230292e+004  7.07029372e+004  6.50447244e+004  5.97179922e+004  5.44918731e+004  4.91280498e+004  4.32721744e+004  3.64560676e+004  2.83000332e+004  1.89101188e+004  9.56357535e+003  2.79121700e+003  1.49223327e+002  6.86409267e+000  2.27548583e+001  3.12681652e+001
  8.93259734e+004  8.93546925e+004  8.93742546e+004  8.93958710e+004  8.94644601e+004  8.95722579e+004  9.06437874e+004  8.76843771e+004  8.19374234e+004  7.56957943e+004  6.99047955e+004  6.45444400e+004  5.94389953e+004  5.44150517e+004  4.92117813e+004  4.33980816e+004  3.64609633e+004  2.80533059e+004  1.83383080e+004  8.42033827e+003  1.64833409e+003  0.00000000e+000  2.14621299e+001  3.34021079e+001
  8.93172433e+004  8.93494286e+004  8.93728032e+004  8.93873289e+004  8.94308674e+004  8.95579247e+004  9.16767613e+004  9.06703063e+004  8.64180605e+004  8.06229935e+004  7.47841353e+004  6.93456451e+004  6.42453795e+004  5.93742061e+004  5.45872707e+004  4.95655293e+004  4.37911077e+004  3.67208525e+004  2.80318739e+004  1.76660453e+004  6.12531732e+003  6.76167413e+001  0.00000000e+000  3.84144704e+001
  8.93083308e+004  8.93427713e+004  8.93705074e+004  8.93850720e+004  8.94025849e+004  8.95147431e+004  9.22715961e+004  9.28286274e+004  9.02066093e+004  8.52772352e+004  7.96231004e+004  7.41438720e+004  6.89999881e+004  6.41444654e+004  5.95400954e+004  5.50352148e+004  5.02163321e+004  4.44722903e+004  3.72485426e+004  2.82133120e+004  1.68445705e+004  1.25810528e+003  4.96833014e+002  6.25049869e+001
  8.92994628e+004  8.93350714e+004  8.93665296e+004  8.93858135e+004  8.93879696e+004  8.94522397e+004  8.60223161e+004  8.61689930e+004  8.42216331e+004  8.00161032e+004  7.45090741e+004  6.86000435e+004  6.26519796e+004  5.67984680e+004  5.13432375e+004  4.66624352e+004  4.26633466e+004  3.85396496e+004  3.30958798e+004  2.52915641e+004  1.46387165e+004  4.01449403e+002  4.17158864e+002  7.48831751e+001
  8.92906083e+004  8.93269785e+004  8.93601044e+004  8.93878043e+004  8.93831052e+004  8.94059876e+004  8.29771872e+004  8.04306314e+004  7.83744814e+004  7.46605291e+004  6.95309017e+004  6.36103284e+004  5.72602146e+004  5.06139968e+004  4.40153133e+004  3.82674577e+004  3.40476561e+004  3.09477371e+004  2.75574096e+004  2.20572287e+004  1.30529287e+004  3.07575783e+002  1.72737066e+002  6.41222645e+001
  8.92814347e+004  8.93192468e+004  8.93511356e+004  8.93884557e+004  8.93872489e+004  8.93740689e+004  8.15542533e+004  7.65350229e+004  7.31672976e+004  6.94129761e+004  6.45737610e+004  5.88697447e+004  5.25073266e+004  4.55038823e+004  3.79934044e+004  3.07272728e+004  2.51401283e+004  2.19447671e+004  1.99714365e+004  1.72654019e+004  1.12112596e+004  3.16294890e+002  1.83938360e+002  5.53068764e+001
  8.92716367e+004  8.93123406e+004  8.93406653e+004  8.93844044e+004  8.93996516e+004  8.93552259e+004  8.09175570e+004  7.42631177e+004  6.91919763e+004  6.46440742e+004  5.97266143e+004  5.42075583e+004  4.80582945e+004  4.11273986e+004  3.32623564e+004  2.47708239e+004  1.69963215e+004  1.22272477e+004  1.05761674e+004  9.71182107e+003  7.82012830e+003  2.84818981e+002  1.84345696e+002  5.05661124e+001
  8.92620878e+004  8.93056614e+004  8.93316155e+004  8.93713111e+004  8.94192984e+004  8.93489820e+004  8.05895308e+004  7.31183790e+004  6.66162925e+004  6.08039283e+004  5.52556511e+004  4.96355671e+004  4.36888723e+004  3.70826551e+004  2.94114340e+004  2.04853268e+004  1.09087823e+004  2.81459249e+003  0.00000000e+000  0.00000000e+000  0.00000000e+000  0.00000000e+000  6.59681735e+001  4.16004486e+001
  8.92544981e+004  8.92988597e+004  8.93243096e+004  8.93560443e+004  8.94179327e+004  8.94109323e+004  8.58867981e+004  7.84512012e+004  7.16981131e+004  6.56843542e+004  6.01389802e+004  5.47459837e+004  4.92481583e+004  4.33536625e+004  3.66542132e+004  2.87443914e+004  1.95899734e+004  1.01684344e+004  3.19768035e+003  3.18123674e+002  0.00000000e+000  1.89754234e+001  1.57563485e+001  3.35555480e+001
  8.92503376e+004  8.92917823e+004  8.93190388e+004  8.93410074e+004  8.94037266e+004  8.94520143e+004  8.88231984e+004  8.35574907e+004  7.68372702e+004  7.06285800e+004  6.49807425e+004  5.96633449e+004  5.44455916e+004  4.90892405e+004  4.32400997e+004  3.64302604e+004  2.82803444e+004  1.88965864e+004  9.55622603e+003  2.78884840e+003  1.49036429e+002  6.86695243e+000  2.27473329e+001  3.12539359e+001
  8.92503291e+004  8.92846654e+004  8.93152580e+004  8.93292584e+004  8.93797065e+004  8.94694540e+004  9.05378475e+004  8.75835751e+004  8.18468813e+004  7.56166224e+004  6.98363211e+004  6.44856818e+004  5.93889883e+004  5.43728788e+004  4.91765972e+004  4.33692332e+004  3.64381238e+004  2.80364689e+004  1.83276017e+004  8.41538424e+003  1.64720301e+003  0.00000000e+000  2.14545896e+001  3.33883302e+001
  8.92547840e+004  8.92780555e+004  8.93117988e+004  8.93229814e+004  8.93513673e+004  8.94605383e+004  9.15733047e+004  9.05681417e+004  8.63235614e+004  8.05390906e+004  7.47110515e+004  6.92826030e+004  6.41914600e+004  5.93285119e+004  5.45489104e+004  4.95336928e+004  4.37652394e+004  3.67007875e+004  2.80177523e+004  1.76579466e+004  6.12256001e+003  6.75478179e+001  0.00000000e+000  3.83998970e+001
  8.92637705e+004  8.92727180e+004  8.93075322e+004  8.93219034e+004  8.93275662e+004  8.94229438e+004  9.21717465e+004  9.27266524e+004  9.01092790e+004  8.51890005e+004  7.95454019e+004  7.40764147e+004  6.89419755e+004  6.40950516e+004  5.94984209e+004  5.50003891e+004  5.01875710e+004  4.44491653e+004  3.72310757e+004  2.82017413e+004  1.68388937e+004  1.25775778e+003  4.96681466e+002  6.24834812e+001
  8.92769589e+004  8.92694168e+004  8.93021860e+004  8.93229909e+004  8.93165245e+004  8.93658722e+004  8.59329403e+004  8.60762013e+004  8.41306786e+004  7.99316842e+004  7.44337006e+004  6.85343066e+004  6.25955622e+004  5.67508242e+004  5.13037451e+004  4.66302156e+004  4.26371236e+004  3.85182976e+004  3.30791703e+004  2.52800602e+004  1.46329402e+004  4.01318867e+002  4.17037644e+002  7.48581754e+001
  8.92924089e+004  8.92691710e+004  8.92955123e+004  8.93248303e+004  8.93143046e+004  8.93245894e+004  8.28954183e+004  8.03469241e+004  7.82910188e+004  7.45813446e+004  6.94589521e+004  6.35469562e+004  5.72056672e+004  5.05680779e+004  4.39777142e+004  3.82377009e+004  3.40245632e+004  3.09294058e+004  2.75426209e+004  2.20463758e+004  1.30471558e+004  3.07453454e+002  1.72670893e+002  6.40997851e+001
  8.93061174e+004  8.92728457e+004  8.92879098e+004  8.93252143e+004  8.93202448e+004  8.92969652e+004  8.14783850e+004  7.64590583e+004  7.30916360e+004  6.93401054e+004  6.45064054e+004  5.88096342e+004  5.24551957e+004  4.54599084e+004  3.79575765e+004  3.06994959e+004  2.51199984e+004  2.19303862e+004  1.99601178e+004  1.72563638e+004  1.12058688e+004  3.16158259e+002  1.83862533e+002  5.52861516e+001
  8.93155998e+004  8.92800258e+004  8.92809252e+004  8.93211835e+004  8.93337661e+004  8.92816187e+004  8.08464071e+004  7.41934215e+004  6.91235285e+004  6.45780162e+004  5.96648441e+004  5.41517150e+004  4.80093586e+004  4.10858583e+004  3.32284763e+004  2.47447820e+004  1.69782096e+004  1.22168245e+004  1.05698428e+004  9.70645158e+003  7.81613250e+003  2.84684673e+002  1.84262528e+002  5.05463306e+001
  8.93222708e+004  8.92886315e+004  8.92777222e+004  8.93088478e+004  8.93540909e+004  8.92780459e+004  8.05221743e+004  7.30536509e+004  6.65539809e+004  6.07444829e+004  5.52000469e+004  4.95849066e+004  4.36440416e+004  3.70442630e+004  2.93799490e+004  2.04611668e+004  1.08922857e+004  2.80600037e+003  0.00000000e+000  0.00000000e+000  0.00000000e+000  0.00000000e+000  6.59380691e+001  4.15840063e+001
  8.93272515e+004  8.92974505e+004  8.92783918e+004  8.92955072e+004  8.93532828e+004  8.93418620e+004  8.58188095e+004  7.83860808e+004  7.16355454e+004  6.56244893e+004  6.00824875e+004  5.46938191e+004  4.92012266e+004  4.33126479e+004  3.66196254e+004  2.87166862e+004  1.95695789e+004  1.01556501e+004  3.19270417e+003  3.17690391e+002  0.00000000e+000  1.89722452e+001  1.57519544e+001  3.35425937e+001
  8.93309790e+004  8.93056104e+004  8.92828345e+004  8.92838378e+004  8.93398720e+004  8.93841930e+004  8.87556355e+004  8.34919183e+004  7.67743348e+004  7.05683033e+004  6.49235280e+004  5.96099518e+004  5.43968797e+004  4.90459330e+004  4.32027282e+004  3.63992846e+004  2.82562391e+004  1.88798007e+004  9.54702992e+003  2.78586704e+003  1.48798153e+002  6.87528299e+000  2.27435695e+001  3.12421801e+001
  8.93338134e+004  8.93124993e+004  8.92900624e+004  8.92770002e+004  8.93172394e+004  8.94024992e+004  9.04709958e+004  8.75179413e+004  8.17835335e+004  7.55559055e+004  6.97784741e+004  6.44312604e+004  5.93387616e+004  5.43275783e+004  4.91367745e+004  4.33353174e+004  3.64105689e+004  2.80158008e+004  1.83143097e+004  8.40918523e+003  1.64577878e+003  0.00000000e+000  2.14482224e+001  3.33757127e+001
  8.93361261e+004  8.93178918e+004  8.92983730e+004  8.92771464e+004  8.92911767e+004  8.93943661e+004  9.15071750e+004  9.05027500e+004  8.62599483e+004  8.04779237e+004  7.46526193e+004  6.92272963e+004  6.41399224e+004  5.92814628e+004  5.45069366e+004  4.94971927e+004  4.37345811e+004  3.66764665e+004  2.80003803e+004  1.76478829e+004  6.11911192e+003  6.74613286e+001  0.00000000e+000  3.83851406e+001
  8.93382012e+004  8.93219635e+004  8.93060418e+004  8.92838457e+004  8.92707549e+004  8.93577925e+004  9.21063451e+004  9.26616706e+004  9.00455947e+004  8.51274515e+004  7.94864285e+004  7.40203325e+004  6.88892895e+004  6.40464414e+004  5.94545246e+004  5.49616258e+004  5.01542052e+004  4.44215536e+004  3.72098128e+004  2.81874742e+004  1.68318327e+004  1.25732560e+003  4.96494160e+002  6.24593835e+001
  8.93402544e+004  8.93250378e+004  8.93122018e+004  8.92937957e+004  8.92643055e+004  8.93023027e+004  8.58722616e+004  8.60160498e+004  8.40716972e+004  7.98746479e+004  7.43791834e+004  6.84827036e+004  6.25473327e+004  5.67066051e+004  5.12642258e+004  4.65957651e+004  4.26075415e+004  3.84932829e+004  3.30591133e+004  2.52660225e+004  1.46258087e+004  4.01158410e+002  4.16888591e+002  7.48293383e+001
  8.93422440e+004  8.93277400e+004  8.93160596e+004  8.93052262e+004  8.92678980e+004  8.92634195e+004  8.28380739e+004  8.02912996e+004  7.82366127e+004  7.45287639e+004  6.94087833e+004  6.34996531e+004  5.71616764e+004  5.05279923e+004  4.39422660e+004  3.82075126e+004  3.39995018e+004  3.09084399e+004  2.75251520e+004  2.20333004e+004  1.30400987e+004  3.07303934e+002  1.72590770e+002  6.40738758e+001
  8.93438348e+004  8.93308014e+004  8.93174920e+004  8.93155274e+004  8.92807701e+004  8.92392096e+004  8.14241040e+004  7.64072784e+004  7.30415607e+004  6.92918691e+004  6.44605034e+004  5.87665135e+004  5.24152916e+004  4.54237670e+004  3.79259013e+004  3.06730768e+004  2.50993552e+004  2.19145089e+004  1.99469919e+004  1.72456294e+004  1.11993570e+004  3.15992716e+002  1.83770991e+002  5.52623624e+001
  8.93447560e+004  8.93346623e+004  8.93175149e+004  8.93213161e+004  8.93021493e+004  8.92284005e+004  8.07955906e+004  7.41451024e+004  6.90773620e+004  6.45339207e+004  5.96230986e+004  5.41126896e+004  4.79734425e+004  4.10535385e+004  3.32004025e+004  2.47217441e+004  1.69610333e+004  1.22060538e+004  1.05626706e+004  9.70017587e+003  7.81136537e+003  2.84524119e+002  1.84163370e+002  5.05237993e+001
  8.93460030e+004  8.93387016e+004  8.93190214e+004  8.93182376e+004  8.93309923e+004  8.92305005e+004  8.04756453e+004  7.30088685e+004  6.65113748e+004  6.07042121e+004  5.51622787e+004  4.95498786e+004  4.36120457e+004  3.70156959e+004  2.93553845e+004  2.04413588e+004  1.08780609e+004  2.79820966e+003  0.00000000e+000  0.00000000e+000  0.00000000e+000  0.00000000e+000  6.59028324e+001  4.15657175e+001
  8.93494260e+004  8.93425738e+004  8.93223069e+004  8.93131291e+004  8.93390625e+004  8.93009759e+004  8.57729445e+004  7.83411856e+004  7.15925556e+004  6.55837420e+004  6.00441556e+004  5.46580939e+004  4.91683474e+004  4.32829169e+004  3.65934847e+004  2.86947799e+004  1.95526929e+004  1.01445818e+004  3.18825232e+003  3.17290648e+002  0.00000000e+000  1.89691266e+001  1.57480992e+001  3.35288433e+001
  8.93564725e+004  8.93461785e+004  8.93276353e+004  8.93083675e+004  8.93345032e+004  8.93508579e+004  8.87130744e+004  8.34473962e+004  7.67310889e+004  7.05271049e+004  6.48846468e+004  5.95735720e+004  5.43632019e+004  4.90151882e+004  4.31752388e+004  3.63755469e+004  2.82369644e+004  1.88658091e+004  9.53908615e+003  2.78321474e+003  1.48574094e+002  6.88157737e+000  2.27390101e+001  3.12303298e+001
  8.93677614e+004  8.93497963e+004  8.93344538e+004  8.93069812e+004  8.93203177e+004  8.93773600e+004  9.04334777e+004  8.74751414e+004  8.17403683e+004  7.55143430e+004  6.97390716e+004  6.43942532e+004  5.93043398e+004  5.42959355e+004  4.91081365e+004  4.33100265e+004  3.63891901e+004  2.79991186e+004  1.83031880e+004  8.40383945e+003  1.64451002e+003  0.00000000e+000  2.14420248e+001  3.33636491e+001
  8.93835047e+004  8.93539838e+004  8.93416015e+004  8.93111284e+004  8.93019739e+004  8.93777541e+004  9.14759131e+004  9.04630813e+004  8.62176235e+004  8.04362173e+004  7.46127636e+004  6.91896916e+004  6.41047882e+004  5.92489931e+004  5.44773056e+004  4.94706095e+004  4.37114213e+004  3.66573825e+004  2.79862452e+004  1.76394370e+004  6.11613731e+003  6.73818138e+001  0.00000000e+000  3.83716730e+001
  8.94036605e+004  8.93594928e+004  8.93479594e+004  8.93205183e+004  8.92882995e+004  8.93496983e+004  9.20821962e+004  9.26263773e+004  9.00050765e+004  8.50860511e+004  7.94462707e+004  7.39821886e+004  6.88534751e+004  6.40131784e+004  5.94239926e+004  5.49339623e+004  5.01295989e+004  4.44004371e+004  3.71929486e+004  2.81757780e+004  1.68258841e+004  1.25695222e+003  4.96330819e+002  6.24381522e+001
  8.94277015e+004  8.93670643e+004  8.93532593e+004  8.93321095e+004  8.92874842e+004  8.93023752e+004  8.58582864e+004  8.59900385e+004  8.40383673e+004  7.98384561e+004  7.43430242e+004  6.84480061e+004  6.25147647e+004  5.66765885e+004  5.12370820e+004  4.65716124e+004  4.25861947e+004  3.84746146e+004  3.30436189e+004  2.52548130e+004  1.46199371e+004  4.01022339e+002  4.16760763e+002  7.48043859e+001
  8.94531498e+004  8.93777025e+004  8.93572485e+004  8.93444830e+004  8.92955725e+004  8.92709987e+004  8.28327348e+004  8.02743643e+004  7.82111285e+004  7.44986672e+004  6.93772729e+004  6.34687161e+004  5.71324082e+004  5.05010663e+004  4.39182019e+004  3.81866842e+004  3.39817770e+004  3.08931367e+004  2.75119735e+004  2.20231199e+004  1.30344346e+004  3.07180297e+002  1.72523944e+002  6.40518621e+001
  8.94751400e+004  8.93921918e+004  8.93603247e+004  8.93554259e+004  8.93118863e+004  8.92534151e+004  8.14262662e+004  7.63985873e+004  7.30240361e+004  6.92685188e+004  6.44343495e+004  5.87398350e+004  5.23895645e+004  4.53999494e+004  3.79047172e+004  3.06551387e+004  2.50850454e+004  2.19031672e+004  1.99373001e+004  1.72374571e+004  1.11942566e+004  3.15859328e+002  1.83696286e+002  5.52425614e+001
  8.94910625e+004  8.94097795e+004  8.93640445e+004  8.93619733e+004  8.93358327e+004  8.92482222e+004  8.08042376e+004  7.41436741e+004  6.90673827e+004  6.45175777e+004  5.96028932e+004  5.40908516e+004  4.79516599e+004  4.10330253e+004  3.31820936e+004  2.47064231e+004  1.69493928e+004  1.21985556e+004  1.05574789e+004  9.69549708e+003  7.80770687e+003  2.84398339e+002  1.84084867e+002  5.05054560e+001
  8.95032198e+004  8.94279712e+004  8.93715094e+004  8.93602421e+004  8.93666202e+004  8.92548978e+004  8.04897802e+004  7.30137015e+004  6.65081973e+004  6.06946989e+004  5.51483453e+004  4.95334168e+004  4.35947088e+004  3.69988360e+004  2.93401155e+004  2.04286389e+004  1.08687192e+004  2.79299962e+003  0.00000000e+000  0.00000000e+000  0.00000000e+000  0.00000000e+000  6.58752249e+001  4.15511139e+001
  8.95132776e+004  8.94454697e+004  8.93826323e+004  8.93575255e+004  8.93763279e+004  8.93289878e+004  8.57918061e+004  7.83506371e+004  7.15936248e+004  6.55778630e+004  6.00330447e+004  5.46435625e+004  4.91520809e+004  4.32663556e+004  3.65778318e+004  2.86810609e+004  1.95418109e+004  1.01373030e+004  3.18528739e+003  3.17020834e+002  0.00000000e+000  1.89664956e+001  1.57451706e+001  3.35181347e+001
  8.95217964e+004  8.94615068e+004  8.93971395e+004  8.93564516e+004  8.93734782e+004  8.93816728e+004  8.87360846e+004  8.34614166e+004  7.67364938e+004  7.05250635e+004  6.48766785e+004  5.95613620e+004  5.43484165e+004  4.89993244e+004  4.31595666e+004  3.63611536e+004  2.82248150e+004  1.88567651e+004  9.53386420e+003  2.78145105e+003  1.48421834e+002  6.88499171e+000  2.27350737e+001  3.12214219e+001
  8.95291363e+004  8.94755906e+004  8.94139352e+004  8.93600942e+004  8.93614394e+004  8.94104110e+004  9.04600121e+004  8.74934664e+004  8.17501352e+004  7.55162961e+004  6.97345063e+004  6.43847082e+004  5.92914210e+004  5.42811593e+004  4.90928258e+004  4.32953162e+004  3.63760827e+004  2.79885445e+004  1.82959840e+004  8.40032623e+003  1.64366583e+003  0.00000000e+000  2.14375117e+001  3.33549822e+001
  8.95356442e+004  8.94875893e+004  8.94312669e+004  8.93705086e+004  8.93459675e+004  8.94127875e+004  9.15054211e+004  9.04853264e+004  8.62316625e+004  8.04422680e+004  7.46118156e+004  6.91831088e+004  6.40940866e+004  5.92356748e+004  5.44627336e+004  4.94559579e+004  4.36977139e+004  3.66455692e+004  2.79772456e+004  1.76339567e+004  6.11418257e+003  6.73279541e+001  0.00000000e+000  3.83624081e+001
  8.95415763e+004  8.94977448e+004  8.94473968e+004  8.93871777e+004  8.93360767e+004  8.93867934e+004  9.21142801e+004  9.26521322e+004  9.00231964e+004  8.50962250e+004  7.94491062e+004  7.39788289e+004  6.88453070e+004  6.40016605e+004  5.94105142e+004  5.49197403e+004  5.01156729e+004  4.43877451e+004  3.71824213e+004  2.81682942e+004  1.68220180e+004  1.25670687e+003  4.96223059e+002  6.24240386e+001
  8.95471228e+004  8.95064241e+004  8.94614651e+004  8.94067310e+004  8.93400312e+004  8.93419208e+004  8.58916320e+004  8.60175930e+004  8.40592410e+004  7.98521488e+004  7.43497970e+004  6.84487104e+004  6.25105730e+004  5.66688055e+004  5.12270238e+004  4.65604517e+004  4.25748474e+004  3.84638194e+004  3.30342041e+004  2.52477800e+004  1.46161710e+004  4.00933845e+002  4.16677206e+002  7.47880929e+001
  8.95522233e+004  8.95142794e+004  8.94726951e+004  8.94273491e+004  8.93538347e+004  8.93136377e+004  8.28680014e+004  8.03034989e+004  7.82341334e+004  7.45151877e+004  6.93873833e+004  6.34730163e+004  5.71318539e+004  5.04967937e+004  4.39114208e+004  3.81785593e+004  3.39732333e+004  3.08847359e+004  2.75042204e+004  2.20168864e+004  1.30308684e+004  3.07101110e+002  1.72481076e+002  6.40377988e+001
  8.95565390e+004  8.95220568e+004  8.94809834e+004  8.94463899e+004  8.93766617e+004  8.92999592e+004  8.14641216e+004  7.64295349e+004  7.30488364e+004  6.92872820e+004  6.44471894e+004  5.87472040e+004  5.23922322e+004  4.53988883e+004  3.79009984e+004  3.06498638e+004  2.50792444e+004  2.18974451e+004  1.99318179e+004  1.72325939e+004  1.11911168e+004  3.15775715e+002  1.83649194e+002  5.52302736e+001
  8.95598577e+004  8.95301986e+004  8.94873649e+004  8.94604510e+004  8.94076856e+004  8.92995528e+004  8.08454219e+004  7.41769029e+004  6.90939844e+004  6.45382032e+004  5.96179208e+004  5.41007407e+004  4.79570746e+004  4.10348038e+004  3.31811694e+004  2.47037802e+004  1.69460354e+004  1.21954344e+004  1.05546845e+004  9.69280663e+003  7.80550877e+003  2.84321733e+002  1.84036882e+002  5.04944855e+001
