  2.68584937e-006  2.62511678e-006  2.55214941e-006  2.47408251e-006  2.39854999e-006  2.33293797e-006  2.28366244e-006  2.25554189e-006  2.27794866e-006  2.31602378e-006  2.36708060e-006  2.42751646e-006  2.49306689e-006  2.55910654e-006  2.62097551e-006  2.67430824e-006  2.71534145e-006  2.74117977e-006  2.75000000e-006
  2.67730546e-006  2.61420039e-006  2.53992801e-006  2.46175120e-006  2.38731461e-006  2.32389719e-006  2.27770033e-006  2.25324148e-006  2.27251223e-006  2.30783494e-006  2.35671716e-006  2.41570969e-006  2.48064990e-006  2.54695549e-006  2.60994781e-006  2.66518202e-006  2.70876067e-006  2.73760878e-006  2.74969078e-006
  2.66832294e-006  2.60300150e-006  2.52760784e-006  2.44951451e-006  2.37635799e-006  2.31529205e-006  2.27228814e-006  2.25155148e-006  2.26763855e-006  2.30012146e-006  2.34670818e-006  2.40411144e-006  2.46828078e-006  2.53468829e-006  2.59864813e-006  2.65564717e-006  2.70166347e-006  2.73345001e-006  2.74876389e-006
  2.65892404e-006  2.59154780e-006  2.51521938e-006  2.43740270e-006  2.36570722e-006  2.30714383e-006  2.26743925e-006  2.25047609e-006  2.26333966e-006  2.29290243e-006  2.33707839e-006  2.39275039e-006  2.45599013e-006  2.52233528e-006  2.58710442e-006  2.64572730e-006  2.69406740e-006  2.72871375e-006  2.74722162e-006
  2.64913200e-006  2.57986764e-006  2.50279327e-006  2.42544575e-006  2.35538866e-006  2.29947268e-006  2.26316566e-006  2.25001795e-006  2.25962622e-006  2.28619571e-006  2.32785163e-006  2.38165465e-006  2.44380834e-006  2.50992702e-006  2.57534523e-006  2.63544694e-006  2.68599126e-006  2.72341170e-006  2.74506779e-006
  2.63897105e-006  2.56798991e-006  2.49036025e-006  2.41367323e-006  2.34542784e-006  2.29229759e-006  2.25947793e-006  2.25017820e-006  2.25650740e-006  2.28001789e-006  2.31905072e-006  2.37085167e-006  2.43176556e-006  2.49749420e-006  2.56339966e-006  2.62483151e-006  2.67745503e-006  2.71755699e-006  2.74230773e-006
  2.62846631e-006  2.55594399e-006  2.47795107e-006  2.40211425e-006  2.33584938e-006  2.28563630e-006  2.25638520e-006  2.25095645e-006  2.25399092e-006  2.27438425e-006  2.31069744e-006  2.36036817e-006  2.41989158e-006  2.48506758e-006  2.55129725e-006  2.61390729e-006  2.66847982e-006  2.71116410e-006  2.73894825e-006
  2.61764379e-006  2.54375967e-006  2.46559644e-006  2.39079742e-006  2.32667699e-006  2.27950529e-006  2.25389510e-006  2.25235077e-006  2.25208300e-006  2.26930872e-006  2.30281244e-006  2.35023008e-006  2.40821576e-006  2.47267790e-006  2.53906795e-006  2.60270128e-006  2.65908783e-006  2.70424884e-006  2.73499768e-006
  2.60653024e-006  2.53146711e-006  2.45332691e-006  2.37975073e-006  2.31793336e-006  2.27391973e-006  2.25201381e-006  2.25435770e-006  2.25078837e-006  2.26480386e-006  2.29541523e-006  2.34046248e-006  2.39676699e-006  2.46035581e-006  2.52674200e-006  2.59124122e-006  2.64930230e-006  2.69682833e-006  2.73046579e-006
  2.59414353e-006  2.51800889e-006  2.44011320e-006  2.36807367e-006  2.30893481e-006  2.26847964e-006  2.25066414e-006  2.25723044e-006  2.25008021e-006  2.26056478e-006  2.28794435e-006  2.33028695e-006  2.38460482e-006  2.44706519e-006  2.51326073e-006  2.57852058e-006  2.63823986e-006  2.68820469e-006  2.72488944e-006
  2.58148130e-006  2.50449795e-006  2.42707476e-006  2.35678271e-006  2.30049545e-006  2.26371712e-006  2.25004419e-006  2.26081367e-006  2.25010348e-006  2.25702645e-006  2.28109408e-006  2.32060812e-006  2.37278038e-006  2.43392949e-006  2.49974066e-006  2.56557013e-006  2.62677285e-006  2.67903024e-006  2.71865493e-006
  2.56858060e-006  2.49097386e-006  2.41424975e-006  2.34591091e-006  2.29263996e-006  2.25964613e-006  2.25015577e-006  2.26509693e-006  2.25085812e-006  2.25419922e-006  2.27488448e-006  2.31145430e-006  2.36132826e-006  2.42098716e-006  2.48622134e-006  2.55242777e-006  2.61493481e-006  2.66933183e-006  2.71178048e-006
  2.55547918e-006  2.47747618e-006  2.40167570e-006  2.33549006e-006  2.28539135e-006  2.25627857e-006  2.25099857e-006  2.27006766e-006  2.25234190e-006  2.25209136e-006  2.26933371e-006  2.30285230e-006  2.35028199e-006  2.40827607e-006  2.47274235e-006  2.53913198e-006  2.60276039e-006  2.65913784e-006  2.70428622e-006
  2.54221540e-006  2.46404441e-006  2.38938941e-006  2.32555069e-006  2.27877083e-006  2.25362430e-006  2.25257010e-006  2.27571133e-006  2.25455050e-006  2.25070905e-006  2.26445802e-006  2.29482728e-006  2.33967390e-006  2.39583342e-006  2.45934313e-006  2.52572167e-006  2.59028524e-006  2.64847811e-006  2.69619409e-006
  2.52882807e-006  2.45071788e-006  2.37742684e-006  2.31612186e-006  2.27279777e-006  2.25169109e-006  2.25486578e-006  2.28201141e-006  2.25747745e-006  2.25005633e-006  2.26027169e-006  2.28740273e-006  2.32953502e-006  2.38369564e-006  2.44606291e-006  2.51223607e-006  2.57754584e-006  2.63738383e-006  2.68752777e-006
  2.51535637e-006  2.43753558e-006  2.36582301e-006  2.30723119e-006  2.26748965e-006  2.25048459e-006  2.25787889e-006  2.28894947e-006  2.26111418e-006  2.25013510e-006  2.25678696e-006  2.28060038e-006  2.31989504e-006  2.37189824e-006  2.43294053e-006  2.49871467e-006  2.56457950e-006  2.62588748e-006  2.67831261e-006
  2.50183972e-006  2.42453610e-006  2.35461186e-006  2.29890468e-006  2.26286201e-006  2.25000834e-006  2.26160060e-006  2.29650521e-006  2.26545004e-006  2.25094515e-006  2.25401403e-006  2.27444013e-006  2.31078216e-006  2.36047574e-006  2.42001442e-006  2.48519703e-006  2.55142416e-006  2.61402270e-006  2.66857560e-006
  2.48831769e-006  2.41175747e-006  2.34382621e-006  2.29116671e-006  2.25892839e-006  2.25026373e-006  2.26602002e-006  2.30465650e-006  2.27047235e-006  2.25248409e-006  2.25196102e-006  2.26894003e-006  2.30222306e-006  2.34946159e-006  2.40732240e-006  2.47172270e-006  2.53811831e-006  2.60182422e-006  2.65834522e-006
  2.47482986e-006  2.39923709e-006  2.33349763e-006  2.28403993e-006  2.25570031e-006  2.25125001e-006  2.27112422e-006  2.31337950e-006  2.27616641e-006  2.25474743e-006  2.25063393e-006  2.26411616e-006  2.29424278e-006  2.33888802e-006  2.39490161e-006  2.45833114e-006  2.52470091e-006  2.58932772e-006  2.64765142e-006
  2.46141568e-006  2.38701162e-006  2.32365635e-006  2.27754519e-006  2.25318721e-006  2.25296430e-006  2.27689827e-006  2.32264868e-006  2.28251556e-006  2.25772855e-006  2.25003665e-006  2.25998264e-006  2.28686469e-006  2.32878596e-006  2.38278841e-006  2.44506153e-006  2.51121121e-006  2.57656980e-006  2.63652549e-006
  2.44811443e-006  2.37511682e-006  2.31433116e-006  2.27170149e-006  2.25139644e-006  2.25540158e-006  2.28332526e-006  2.33243690e-006  2.28950121e-006  2.26141870e-006  2.25017093e-006  2.25655156e-006  2.28011037e-006  2.31918499e-006  2.37101825e-006  2.43195271e-006  2.49768870e-006  2.56358779e-006  2.62500000e-006
  2.43601892e-006  2.36450294e-006  2.30623681e-006  2.26691819e-006  2.25039194e-006  2.25827410e-006  2.28979390e-006  2.34186912e-006  2.29646755e-006  2.26542761e-006  2.25093953e-006  2.25402561e-006  2.27446810e-006  2.31082454e-006  2.36052955e-006  2.42007585e-006  2.48526175e-006  2.55148760e-006  2.61408040e-006
  2.42408168e-006  2.35422425e-006  2.29862178e-006  2.26271148e-006  2.25000490e-006  2.26174459e-006  2.29678255e-006  2.35169252e-006  2.30393738e-006  2.27001679e-006  2.25232423e-006  2.25210813e-006  2.26938374e-006  2.30293206e-006  2.35038586e-006  2.40839671e-006  2.47287125e-006  2.53926005e-006  2.60287859e-006
  2.41233225e-006  2.34430616e-006  2.29150491e-006  2.25909175e-006  2.25023629e-006  2.26580446e-006  2.30427390e-006  2.36188280e-006  2.31189223e-006  2.27517489e-006  2.25432162e-006  2.25080388e-006  2.26486987e-006  2.29552708e-006  2.34061228e-006  2.39694417e-006  2.46054787e-006  2.52693538e-006  2.59142229e-006
  2.40079968e-006  2.33477323e-006  2.28490380e-006  2.25606797e-006  2.25108552e-006  2.27044366e-006  2.31224942e-006  2.37241474e-006  2.32031240e-006  2.28088914e-006  2.25692676e-006  2.25011607e-006  2.26093765e-006  2.28862791e-006  2.33123298e-006  2.38574656e-006  2.44832208e-006  2.51454408e-006  2.57973983e-006
  2.38951251e-006  2.32564902e-006  2.27883478e-006  2.25364762e-006  2.25255051e-006  2.27565074e-006  2.32068940e-006  2.38326230e-006  2.32917707e-006  2.28714543e-006  2.26013320e-006  2.25004641e-006  2.25759681e-006  2.28225163e-006  2.32227117e-006  2.37483159e-006  2.43622412e-006  2.50211680e-006  2.56786011e-006
  2.37849866e-006  2.31695611e-006  2.27331287e-006  2.25183668e-006  2.25462763e-006  2.28141279e-006  2.32957294e-006  2.39439863e-006  2.33846432e-006  2.29392826e-006  2.26393300e-006  2.25059507e-006  2.25485561e-006  2.27641399e-006  2.31374902e-006  2.36422625e-006  2.42428394e-006  2.48968428e-006  2.55581253e-006
  2.36778537e-006  2.30871601e-006  2.26835173e-006  2.25063963e-006  2.25731173e-006  2.28771558e-006  2.33887808e-006  2.40579620e-006  2.34815116e-006  2.30122086e-006  2.26831678e-006  2.25176070e-006  2.25272084e-006  2.27112946e-006  2.30568760e-006  2.35395679e-006  2.41253105e-006  2.47727729e-006  2.54362688e-006
  2.35739914e-006  2.30094909e-006  2.26396363e-006  2.25005944e-006  2.26059618e-006  2.29454350e-006  2.34858179e-006  2.41742680e-006  2.35821364e-006  2.30900519e-006  2.27327368e-006  2.25354040e-006  2.25119777e-006  2.26641108e-006  2.29810686e-006  2.34404859e-006  2.40099454e-006  2.46492650e-006  2.53133331e-006
  2.34650321e-006  2.29306056e-006  2.25985389e-006  2.25013038e-006  2.26484087e-006  2.30254685e-006  2.35956117e-006  2.43030859e-006  2.36955618e-006  2.31800814e-006  2.27930178e-006  2.25616829e-006  2.25024001e-006  2.26193527e-006  2.29042881e-006  2.33371008e-006  2.38872507e-006  2.45159183e-006  2.51787436e-006
  2.33605651e-006  2.28577767e-006  2.25644698e-006  2.25093261e-006  2.26977378e-006  2.31112807e-006  2.37095158e-006  2.44339434e-006  2.38128050e-006  2.32754372e-006  2.28597578e-006  2.25950978e-006  2.25001322e-006  2.25815618e-006  2.28336409e-006  2.32385824e-006  2.37678127e-006  2.43839884e-006  2.50436310e-006
  2.32608961e-006  2.27912173e-006  2.25375287e-006  2.25246377e-006  2.27538049e-006  2.32026206e-006  2.38271967e-006  2.45664576e-006  2.39335226e-006  2.33758402e-006  2.29327616e-006  2.26355511e-006  2.25051805e-006  2.25508489e-006  2.27693340e-006  2.31452190e-006  2.36519808e-006  2.42538613e-006  2.49083907e-006
  2.31663169e-006  2.27311224e-006  2.25177944e-006  2.25471939e-006  2.28164458e-006  2.32992208e-006  2.39483099e-006  2.47002406e-006  2.40573614e-006  2.34809966e-006  2.30118155e-006  2.26829243e-006  2.25175302e-006  2.25273039e-006  2.27115555e-006  2.30572840e-006  2.35400941e-006  2.41259179e-006  2.47734186e-006
  2.30771043e-006  2.26776676e-006  2.25053247e-006  2.25769286e-006  2.28854772e-006  2.34007986e-006  2.40725011e-006  2.48349009e-006  2.41839590e-006  2.35905986e-006  2.30966881e-006  2.27370788e-006  2.25371454e-006  2.25109955e-006  2.26604745e-006  2.29750346e-006  2.34324801e-006  2.40005327e-006  2.46391095e-006
  2.29935194e-006  2.26310095e-006  2.25001561e-006  2.26137548e-006  2.29606971e-006  2.35070568e-006  2.41994068e-006  2.49700444e-006  2.43129449e-006  2.37043254e-006  2.31871310e-006  2.27978561e-006  2.25639684e-006  2.25019717e-006  2.26162404e-006  2.28987117e-006  2.33294537e-006  2.38780725e-006  2.45058567e-006
  2.29158067e-006  2.25912846e-006  2.25023036e-006  2.26575647e-006  2.30418854e-006  2.36176842e-006  2.43286555e-006  2.51052755e-006  2.44439416e-006  2.38218442e-006  2.32828797e-006  2.28650783e-006  2.25979209e-006  2.25002587e-006  2.25789829e-006  2.28285384e-006  2.32313164e-006  2.37588959e-006  2.43740500e-006
  2.28441937e-006  2.25586093e-006  2.25117610e-006  2.27082301e-006  2.31288044e-006  2.37323573e-006  2.44598690e-006  2.52401986e-006  2.45765657e-006  2.39428111e-006  2.33836537e-006  2.29385487e-006  2.26389035e-006  2.25058616e-006  2.25488108e-006  2.27647204e-006  2.31383554e-006  2.36433515e-006  2.42440753e-006
  2.27788901e-006  2.25330790e-006  2.25285007e-006  2.27656028e-006  2.32211998e-006  2.38507402e-006  2.45926634e-006  2.53744187e-006  2.47104290e-006  2.40668720e-006  2.34891583e-006  2.30180523e-006  2.26867962e-006  2.25187640e-006  2.25258125e-006  2.27074442e-006  2.30508428e-006  2.35317776e-006  2.41163129e-006
  2.27200869e-006  2.25147686e-006  2.25524736e-006  2.28295147e-006  2.33188011e-006  2.39724867e-006  2.47266498e-006  2.55075429e-006  2.48451398e-006  2.41936639e-006  2.35990845e-006  2.31033563e-006  2.27414588e-006  2.25389282e-006  2.25100553e-006  2.26568775e-006  2.29690348e-006  2.34245007e-006  2.39911368e-006
  2.26679562e-006  2.25037316e-006  2.25836096e-006  2.28997790e-006  2.34213226e-006  2.40972404e-006  2.48614362e-006  2.56391818e-006  2.49803038e-006  2.43228156e-006  2.37131108e-006  2.31942112e-006  2.28027315e-006  2.25662950e-006  2.25015853e-006  2.26131684e-006  2.28931707e-006  2.33218347e-006  2.38689132e-006
  2.26226506e-006  2.25000004e-006  2.26218175e-006  2.29761899e-006  2.35284645e-006  2.42246361e-006  2.49966282e-006  2.57689500e-006  2.51155255e-006  2.44539492e-006  2.38309033e-006  2.32903510e-006  2.28704348e-006  2.26007845e-006  2.25004274e-006  2.25764447e-006  2.28234725e-006  2.32240802e-006  2.37500000e-006
  2.25871346e-006  2.25030255e-006  2.26630879e-006  2.30516699e-006  2.36307732e-006  2.43437690e-006  2.51209357e-006  2.58862764e-006  2.52395532e-006  2.45759267e-006  2.39422236e-006  2.33831591e-006  2.29381820e-006  2.26386905e-006  2.25058173e-006  2.25489383e-006  2.27650108e-006  2.31387882e-006  2.36438962e-006
  2.25575874e-006  2.25122275e-006  2.27101393e-006  2.31319697e-006  2.37364691e-006  2.44645253e-006  2.52449440e-006  2.60014104e-006  2.53629884e-006  2.46989533e-006  2.40561606e-006  2.34799669e-006  2.30110296e-006  2.26824377e-006  2.25173773e-006  2.25274953e-006  2.27120779e-006  2.30581004e-006  2.35411470e-006
  2.25340820e-006  2.25275836e-006  2.27628553e-006  2.32168905e-006  2.38452906e-006  2.45866063e-006  2.53683464e-006  2.61140671e-006  2.54855256e-006  2.48227245e-006  2.41724323e-006  2.35805348e-006  2.30887974e-006  2.27319180e-006  2.25350786e-006  2.25121686e-006  2.26648047e-006  2.29822164e-006  2.34420066e-006
  2.25166768e-006  2.25490558e-006  2.28211053e-006  2.33062222e-006  2.39569686e-006  2.47097098e-006  2.54908376e-006  2.62239679e-006  2.56068618e-006  2.49469343e-006  2.42907513e-006  2.36846141e-006  2.31712931e-006  2.27870089e-006  2.25588775e-006  2.25029962e-006  2.26233081e-006  2.29113238e-006  2.33467203e-006
  2.25054146e-006  2.25765911e-006  2.28847454e-006  2.33997440e-006  2.40712268e-006  2.48335315e-006  2.56121146e-006  2.63308410e-006  2.57266967e-006  2.50712754e-006  2.44108247e-006  2.37919474e-006  2.32583125e-006  2.28475742e-006  2.25887151e-006  2.25000008e-006  2.25876909e-006  2.28455981e-006  2.32555239e-006
  2.25003234e-006  2.26101212e-006  2.29536180e-006  2.34972243e-006  2.41877825e-006  2.49577649e-006  2.57318774e-006  2.64344218e-006  2.58447340e-006  2.51954401e-006  2.45323557e-006  2.39022691e-006  2.33496404e-006  2.29134641e-006  2.26245177e-006  2.25031896e-006  2.25580412e-006  2.27852018e-006  2.31686427e-006
  2.25014158e-006  2.26495633e-006  2.30275529e-006  2.35984222e-006  2.43063474e-006  2.50821029e-006  2.58498297e-006  2.65344543e-006  2.59606816e-006  2.53191214e-006  2.46550434e-006  2.40153062e-006  2.34450508e-006  2.29845155e-006  2.26661965e-006  2.25125550e-006  2.25344322e-006  2.27302844e-006  2.30862920e-006
  2.25086890e-006  2.26948198e-006  2.31063672e-006  2.37030871e-006  2.44266283e-006  2.52062377e-006  2.59656798e-006  2.66306909e-006  2.60742527e-006  2.54420133e-006  2.47785845e-006  2.41307793e-006  2.35443078e-006  2.30605527e-006  2.27136486e-006  2.25280737e-006  2.25169224e-006  2.26809817e-006  2.30086752e-006
  2.25235968e-006  2.27505168e-006  2.31974069e-006  2.38205671e-006  2.45590606e-006  2.53406721e-006  2.60889704e-006  2.67307815e-006  2.61947598e-006  2.55744336e-006  2.49135743e-006  2.42588133e-006  2.36563519e-006  2.31487008e-006  2.27716807e-006  2.25518950e-006  2.25048521e-006  2.26338714e-006  2.29298492e-006
  2.25457521e-006  2.28127972e-006  2.32937222e-006  2.39414990e-006  2.46927833e-006  2.54741095e-006  2.62090739e-006  2.68258067e-006  2.63117701e-006  2.57051727e-006  2.50488170e-006  2.43890166e-006  2.37723284e-006  2.32422669e-006  2.28362344e-006  2.25828811e-006  2.25000842e-006  2.25936860e-006  2.28570817e-006
  2.25750901e-006  2.28814788e-006  2.33950312e-006  2.40655287e-006  2.48274052e-006  2.56061593e-006  2.63256389e-006  2.69154883e-006  2.64249414e-006  2.58338480e-006  2.51839168e-006  2.45210080e-006  2.38918978e-006  2.33409774e-006  2.29071206e-006  2.26209413e-006  2.25026327e-006  2.25605430e-006  2.27905859e-006
  2.26115251e-006  2.29563606e-006  2.35010374e-006  2.41922932e-006  2.49625323e-006  2.57364351e-006  2.64383242e-006  2.69995640e-006  2.65339424e-006  2.59600830e-006  2.53184783e-006  2.46544013e-006  2.40147103e-006  2.34445432e-006  2.29841320e-006  2.26659642e-006  2.25124902e-006  2.25345395e-006  2.27305563e-006
  2.26549503e-006  2.30372235e-006  2.36114306e-006  2.43214217e-006  2.50977689e-006  2.58645556e-006  2.65468001e-006  2.70777876e-006  2.66384540e-006  2.60835081e-006  2.54521078e-006  2.47888060e-006  2.41404064e-006  2.35526613e-006  2.30670431e-006  2.27178180e-006  2.25296278e-006  2.25157516e-006  2.26771686e-006
  2.27052387e-006  2.31238307e-006  2.37258876e-006  2.44525361e-006  2.52327195e-006  2.59901459e-006  2.66507489e-006  2.71499303e-006  2.67381705e-006  2.62037621e-006  2.55844141e-006  2.49238288e-006  2.42686182e-006  2.36650153e-006  2.31556114e-006  2.27763509e-006  2.25539953e-006  2.25042342e-006  2.26305790e-006
  2.27622430e-006  2.32159288e-006  2.38440735e-006  2.45852528e-006  2.53669889e-006  2.61128383e-006  2.67498666e-006  2.72157808e-006  2.68327999e-006  2.63204932e-006  2.57150101e-006  2.50590745e-006  2.43989706e-006  2.37812764e-006  2.32495775e-006  2.28413918e-006  2.25855214e-006  2.25000211e-006  2.25909239e-006
  2.28257965e-006  2.33132483e-006  2.39656425e-006  2.47191833e-006  2.55001843e-006  2.62322738e-006  2.68438631e-006  2.72751465e-006  2.69220653e-006  2.64333596e-006  2.58435134e-006  2.51941474e-006  2.45310819e-006  2.39011042e-006  2.33486666e-006  2.29127501e-006  2.26241138e-006  2.25031245e-006  2.25583193e-006
  2.28957132e-006  2.34155044e-006  2.40902386e-006  2.48539356e-006  2.56319158e-006  2.63481029e-006  2.69324631e-006  2.73278536e-006  2.70057055e-006  2.65420311e-006  2.59695481e-006  2.53286520e-006  2.46645656e-006  2.40241481e-006  2.34525885e-006  2.29902171e-006  2.26696597e-006  2.25135355e-006  2.25328607e-006
  2.29717883e-006  2.35223977e-006  2.42174973e-006  2.49891154e-006  2.57617980e-006  2.64599866e-006  2.70154075e-006  2.73737479e-006  2.70834757e-006  2.66461895e-006  2.60927452e-006  2.54621948e-006  2.47990310e-006  2.41500480e-006  2.35610392e-006  2.30735661e-006  2.27220257e-006  2.25312234e-006  2.25146226e-006
  2.30537994e-006  2.36336155e-006  2.43470461e-006  2.51243271e-006  2.58894506e-006  2.65675973e-006  2.70924535e-006  2.74126951e-006  2.71551482e-006  2.67455301e-006  2.62127442e-006  2.55943849e-006  2.49340846e-006  2.42784354e-006  2.36737012e-006  2.31625531e-006  2.27810586e-006  2.25561367e-006  2.25036583e-006
  2.31415063e-006  2.37488322e-006  2.44785059e-006  2.52591749e-006  2.60145001e-006  2.66706203e-006  2.71633756e-006  2.74445811e-006  2.72205134e-006  2.68397622e-006  2.63291940e-006  2.57248354e-006  2.50693311e-006  2.44089346e-006  2.37902449e-006  2.32569176e-006  2.28465855e-006  2.25882023e-006  2.25000000e-006
  2.32269454e-006  2.38579961e-006  2.46007199e-006  2.53824880e-006  2.61268539e-006  2.67610281e-006  2.72229967e-006  2.74675852e-006  2.72748777e-006  2.69216506e-006  2.64328284e-006  2.58429031e-006  2.51935010e-006  2.45304451e-006  2.39005219e-006  2.33481798e-006  2.29123933e-006  2.26239122e-006  2.25030922e-006
  2.33167706e-006  2.39699850e-006  2.47239216e-006  2.55048549e-006  2.62364201e-006  2.68470795e-006  2.72771186e-006  2.74844852e-006  2.73236145e-006  2.69987854e-006  2.65329182e-006  2.59588856e-006  2.53171922e-006  2.46531171e-006  2.40135187e-006  2.34435283e-006  2.29833653e-006  2.26654999e-006  2.25123611e-006
  2.34107596e-006  2.40845220e-006  2.48478062e-006  2.56259730e-006  2.63429278e-006  2.69285617e-006  2.73256075e-006  2.74952391e-006  2.73666034e-006  2.70709757e-006  2.66292161e-006  2.60724961e-006  2.54400987e-006  2.47766472e-006  2.41289558e-006  2.35427270e-006  2.30593260e-006  2.27128626e-006  2.25277838e-006
  2.35086800e-006  2.42013236e-006  2.49720673e-006  2.57455425e-006  2.64461134e-006  2.70052732e-006  2.73683434e-006  2.74998205e-006  2.74037378e-006  2.71380429e-006  2.67214837e-006  2.61834535e-006  2.55619166e-006  2.49007298e-006  2.42465477e-006  2.36455306e-006  2.31400874e-006  2.27658830e-006  2.25493221e-006
  2.36102895e-006  2.43201009e-006  2.50963975e-006  2.58632677e-006  2.65457216e-006  2.70770241e-006  2.74052207e-006  2.74982180e-006  2.74349260e-006  2.71998211e-006  2.68094928e-006  2.62914833e-006  2.56823444e-006  2.50250580e-006  2.43660034e-006  2.37516849e-006  2.32254497e-006  2.28244301e-006  2.25769227e-006
  2.37153369e-006  2.44405601e-006  2.52204893e-006  2.59788575e-006  2.66415062e-006  2.71436370e-006  2.74361480e-006  2.74904355e-006  2.74600908e-006  2.72561575e-006  2.68930256e-006  2.63963183e-006  2.58010842e-006  2.51493242e-006  2.44870275e-006  2.38609271e-006  2.33152018e-006  2.28883590e-006  2.26105175e-006
  2.38235621e-006  2.45624033e-006  2.53440356e-006  2.60920258e-006  2.67332301e-006  2.72049471e-006  2.74610490e-006  2.74764923e-006  2.74791700e-006  2.73069128e-006  2.69718756e-006  2.64976992e-006  2.59178424e-006  2.52732210e-006  2.46093205e-006  2.39729872e-006  2.34091217e-006  2.29575116e-006  2.26500232e-006
  2.39346976e-006  2.46853289e-006  2.54667309e-006  2.62024927e-006  2.68206664e-006  2.72608027e-006  2.74798619e-006  2.74564230e-006  2.74921163e-006  2.73519614e-006  2.70458477e-006  2.65953752e-006  2.60323301e-006  2.53964419e-006  2.47325800e-006  2.40875878e-006  2.35069770e-006  2.30317167e-006  2.26953421e-006
  2.40585647e-006  2.48199111e-006  2.55988680e-006  2.63192633e-006  2.69106519e-006  2.73152036e-006  2.74933586e-006  2.74276956e-006  2.74991979e-006  2.73943522e-006  2.71205565e-006  2.66971305e-006  2.61539518e-006  2.55293481e-006  2.48673927e-006  2.42147942e-006  2.36176014e-006  2.31179531e-006  2.27511055e-006
  2.41851870e-006  2.49550205e-006  2.57292524e-006  2.64321729e-006  2.69950455e-006  2.73628288e-006  2.74995581e-006  2.73918633e-006  2.74989652e-006  2.74297355e-006  2.71890592e-006  2.67939188e-006  2.62721962e-006  2.56607051e-006  2.50025934e-006  2.43442987e-006  2.37322715e-006  2.32096976e-006  2.28134507e-006
  2.43141940e-006  2.50902614e-006  2.58575025e-006  2.65408909e-006  2.70736004e-006  2.74035387e-006  2.74984423e-006  2.73490307e-006  2.74914188e-006  2.74580078e-006  2.72511552e-006  2.68854570e-006  2.63867174e-006  2.57901284e-006  2.51377866e-006  2.44757222e-006  2.38506519e-006  2.33066817e-006  2.28821952e-006
  2.44452082e-006  2.52252382e-006  2.59832430e-006  2.66450994e-006  2.71460865e-006  2.74372143e-006  2.74900143e-006  2.72993234e-006  2.74765810e-006  2.74790864e-006  2.73066629e-006  2.69714770e-006  2.64971801e-006  2.59172393e-006  2.52725765e-006  2.46086801e-006  2.39723961e-006  2.34086216e-006  2.29571378e-006
  2.45778460e-006  2.53595559e-006  2.61061059e-006  2.67444931e-006  2.72122917e-006  2.74637570e-006  2.74742990e-006  2.72428867e-006  2.74544950e-006  2.74929095e-006  2.73554198e-006  2.70517272e-006  2.66032610e-006  2.60416658e-006  2.54065687e-006  2.47427833e-006  2.40971476e-006  2.35152189e-006  2.30380591e-006
  2.47117193e-006  2.54928212e-006  2.62257316e-006  2.68387814e-006  2.72720223e-006  2.74830891e-006  2.74513422e-006  2.71798859e-006  2.74252255e-006  2.74994367e-006  2.73972831e-006  2.71259727e-006  2.67046498e-006  2.61630436e-006  2.55393709e-006  2.48776393e-006  2.42245416e-006  2.36261617e-006  2.31247223e-006
  2.48464363e-006  2.56246442e-006  2.63417699e-006  2.69276881e-006  2.73251035e-006  2.74951541e-006  2.74212111e-006  2.71105053e-006  2.73888582e-006  2.74986490e-006  2.74321304e-006  2.71939962e-006  2.68010496e-006  2.62810176e-006  2.56705947e-006  2.50128533e-006  2.43542050e-006  2.37411252e-006  2.32168739e-006
  2.49816028e-006  2.57546390e-006  2.64538814e-006  2.70109532e-006  2.73713799e-006  2.74999166e-006  2.73839940e-006  2.70349480e-006  2.73454996e-006  2.74905485e-006  2.74598597e-006  2.72555987e-006  2.68921784e-006  2.63952425e-006  2.57998558e-006  2.51480297e-006  2.44857584e-006  2.38597730e-006  2.33142440e-006
  2.51168231e-006  2.58824253e-006  2.65617379e-006  2.70883329e-006  2.74107161e-006  2.74973627e-006  2.73397998e-006  2.69534350e-006  2.72952765e-006  2.74751591e-006  2.74803898e-006  2.73105997e-006  2.69777694e-006  2.65053841e-006  2.59267760e-006  2.52827729e-006  2.46188169e-006  2.39817578e-006  2.34165478e-006
  2.52517014e-006  2.60076291e-006  2.66650237e-006  2.71596007e-006  2.74429969e-006  2.74874999e-006  2.72887578e-006  2.68662049e-006  2.72383359e-006  2.74525257e-006  2.74936607e-006  2.73588384e-006  2.70575722e-006  2.66111198e-006  2.60509839e-006  2.54166886e-006  2.47529910e-006  2.41067228e-006  2.35234858e-006
  2.53858432e-006  2.61298838e-006  2.67634365e-006  2.72245481e-006  2.74681279e-006  2.74703570e-006  2.72310173e-006  2.67735132e-006  2.71748444e-006  2.74227145e-006  2.74996335e-006  2.74001736e-006  2.71313531e-006  2.67121404e-006  2.61721159e-006  2.55493847e-006  2.48878879e-006  2.42343020e-006  2.36347451e-006
  2.55188557e-006  2.62488318e-006  2.68566884e-006  2.72829851e-006  2.74860356e-006  2.74459842e-006  2.71667475e-006  2.66756310e-006  2.71049879e-006  2.73858130e-006  2.74982907e-006  2.74344844e-006  2.71988963e-006  2.68081501e-006  2.62898175e-006  2.56804729e-006  2.50231130e-006  2.43641221e-006  2.37500000e-006
  2.56398108e-006  2.63549706e-006  2.69376319e-006  2.73308181e-006  2.74960806e-006  2.74172590e-006  2.71020610e-006  2.65813088e-006  2.70353245e-006  2.73457239e-006  2.74906047e-006  2.74597439e-006  2.72553190e-006  2.68917546e-006  2.63947045e-006  2.57992415e-006  2.51473825e-006  2.44851240e-006  2.38591960e-006
  2.57591832e-006  2.64577576e-006  2.70137822e-006  2.73728852e-006  2.74999510e-006  2.73825541e-006  2.70321745e-006  2.64830748e-006  2.69606261e-006  2.72998321e-006  2.74767577e-006  2.74789187e-006  2.73061626e-006  2.69706794e-006  2.64961414e-006  2.59160329e-006  2.52712875e-006  2.46073995e-006  2.39712141e-006
  2.58766775e-006  2.65569384e-006  2.70849509e-006  2.74090825e-006  2.74976371e-006  2.73419554e-006  2.69572611e-006  2.63811720e-006  2.68810777e-006  2.72482511e-006  2.74567838e-006  2.74919612e-006  2.73513013e-006  2.70447292e-006  2.65938772e-006  2.60305583e-006  2.53945213e-006  2.47306462e-006  2.40857771e-006
  2.59920032e-006  2.66522677e-006  2.71509620e-006  2.74393203e-006  2.74891448e-006  2.72955634e-006  2.68775057e-006  2.62758526e-006  2.67968760e-006  2.71911086e-006  2.74307324e-006  2.74988393e-006  2.73906235e-006  2.71137209e-006  2.66876702e-006  2.61425344e-006  2.55167792e-006  2.48545592e-006  2.42026017e-006
  2.61048749e-006  2.67435098e-006  2.72116522e-006  2.74635238e-006  2.74744949e-006  2.72434927e-006  2.67931060e-006  2.61673771e-006  2.67082293e-006  2.71285458e-006  2.73986680e-006  2.74995359e-006  2.74240319e-006  2.71774837e-006  2.67772883e-006  2.62516841e-006  2.56377588e-006  2.49788320e-006  2.43213989e-006
  2.62150134e-006  2.68304389e-006  2.72668713e-006  2.74816332e-006  2.74537237e-006  2.71858720e-006  2.67042706e-006  2.60560137e-006  2.66153568e-006  2.70607174e-006  2.73606700e-006  2.74940493e-006  2.74514439e-006  2.72358601e-006  2.68625098e-006  2.63577375e-006  2.57571606e-006  2.51031572e-006  2.44418747e-006
  2.63221463e-006  2.69128399e-006  2.73164827e-006  2.74936037e-006  2.74268827e-006  2.71228442e-006  2.66112193e-006  2.59420380e-006  2.65184884e-006  2.69877914e-006  2.73168322e-006  2.74823930e-006  2.74727916e-006  2.72887054e-006  2.69431240e-006  2.64604321e-006  2.58746895e-006  2.52272271e-006  2.45637312e-006
  2.64260086e-006  2.69905091e-006  2.73603637e-006  2.74994056e-006  2.73940381e-006  2.70545650e-006  2.65141821e-006  2.58257320e-006  2.64178636e-006  2.69099482e-006  2.72672632e-006  2.74645960e-006  2.74880223e-006  2.73358892e-006  2.70189314e-006  2.65595141e-006  2.59900546e-006  2.53507350e-006  2.46866669e-006
  2.65349679e-006  2.70693944e-006  2.74014611e-006  2.74986962e-006  2.73515913e-006  2.69745316e-006  2.64043882e-006  2.56969141e-006  2.63044382e-006  2.68199186e-006  2.72069822e-006  2.74383171e-006  2.74975999e-006  2.73806473e-006  2.70957119e-006  2.66628992e-006  2.61127493e-006  2.54840817e-006  2.48212564e-006
  2.66394349e-006  2.71422233e-006  2.74355302e-006  2.74906739e-006  2.73022622e-006  2.68887193e-006  2.62904842e-006  2.55660566e-006  2.61871951e-006  2.67245629e-006  2.71402422e-006  2.74049022e-006  2.74998678e-006  2.74184382e-006  2.71663591e-006  2.67614176e-006  2.62321873e-006  2.56160116e-006  2.49563690e-006
  2.67391039e-006  2.72087826e-006  2.74624713e-006  2.74753623e-006  2.72461952e-006  2.67973793e-006  2.61728033e-006  2.54335425e-006  2.60664775e-006  2.66241597e-006  2.70672384e-006  2.73644489e-006  2.74948195e-006  2.74491511e-006  2.72306660e-006  2.68547810e-006  2.63480192e-006  2.57461387e-006  2.50916093e-006
  2.68336831e-006  2.72688776e-006  2.74822056e-006  2.74528061e-006  2.71835542e-006  2.67007791e-006  2.60516901e-006  2.52997595e-006  2.59426386e-006  2.65190034e-006  2.69881845e-006  2.73170757e-006  2.74824698e-006  2.74726961e-006  2.72884445e-006  2.69427160e-006  2.64599059e-006  2.58740821e-006  2.52265814e-006
  2.69228957e-006  2.73223324e-006  2.74946753e-006  2.74230714e-006  2.71145228e-006  2.65992013e-006  2.59274989e-006  2.51650992e-006  2.58160409e-006  2.64094014e-006  2.69033119e-006  2.72629212e-006  2.74628546e-006  2.74890045e-006  2.73395255e-006  2.70249654e-006  2.65675199e-006  2.59994673e-006  2.53608905e-006
  2.70064806e-006  2.73689905e-006  2.74998439e-006  2.73862452e-006  2.70393028e-006  2.64929432e-006  2.58005932e-006  2.50299557e-006  2.56870550e-006  2.62956746e-006  2.68128690e-006  2.72021440e-006  2.74360316e-006  2.74980283e-006  2.73837596e-006  2.71012883e-006  2.66705463e-006  2.61219275e-006  2.54941433e-006
  2.70841933e-006  2.74087154e-006  2.74976964e-006  2.73424353e-006  2.69581146e-006  2.63823158e-006  2.56713445e-006  2.48947244e-006  2.55560583e-006  2.61781558e-006  2.67171204e-006  2.71349217e-006  2.74020791e-006  2.74997413e-006  2.74210171e-006  2.71714616e-006  2.67686836e-006  2.62411041e-006  2.56259500e-006
  2.71558063e-006  2.74413907e-006  2.74882390e-006  2.72917699e-006  2.68711956e-006  2.62676428e-006  2.55401310e-006  2.47598014e-006  2.54234343e-006  2.60571889e-006  2.66163463e-006  2.70614513e-006  2.73610965e-006  2.74941384e-006  2.74511892e-006  2.72352796e-006  2.68616446e-006  2.63566485e-006  2.57559247e-006
  2.72211099e-006  2.74669210e-006  2.74714993e-006  2.72343972e-006  2.67788002e-006  2.61492598e-006  2.54073367e-006  2.46255813e-006  2.52895710e-006  2.59331280e-006  2.65108418e-006  2.69819477e-006  2.73132038e-006  2.74812360e-006  2.74741875e-006  2.72925558e-006  2.69491572e-006  2.64682224e-006  2.58836871e-006
  2.72799131e-006  2.74852314e-006  2.74475264e-006  2.71704852e-006  2.66811989e-006  2.60275133e-006  2.52733501e-006  2.44924570e-006  2.51548602e-006  2.58063362e-006  2.64009156e-006  2.68966436e-006  2.72585412e-006  2.74610718e-006  2.74899447e-006  2.73431225e-006  2.70309652e-006  2.65754993e-006  2.60088632e-006
  2.73320438e-006  2.74962684e-006  2.74163904e-006  2.71002210e-006  2.65786774e-006  2.59027597e-006  2.51385637e-006  2.43608182e-006  2.50196962e-006  2.56771845e-006  2.62868892e-006  2.68057888e-006  2.71972685e-006  2.74337050e-006  2.74984147e-006  2.73868316e-006  2.71068293e-006  2.66781653e-006  2.61310868e-006
  2.73773494e-006  2.74999996e-006  2.73781825e-006  2.70238101e-006  2.64715355e-006  2.57753640e-006  2.50033718e-006  2.42310500e-006  2.48844746e-006  2.55460509e-006  2.61690966e-006  2.67096489e-006  2.71295653e-006  2.73992155e-006  2.74995726e-006  2.74235553e-006  2.71765275e-006  2.67759198e-006  2.62500000e-006
  2.74128654e-006  2.74969745e-006  2.73369121e-006  2.69483301e-006  2.63692268e-006  2.56562309e-006  2.48790643e-006  2.41137236e-006  2.47604467e-006  2.54240732e-006  2.60577764e-006  2.66168409e-006  2.70618181e-006  2.73613095e-006  2.74941827e-006  2.74510617e-006  2.72349892e-006  2.68612118e-006  2.63561038e-006
  2.74424126e-006  2.74877725e-006  2.72898607e-006  2.68680303e-006  2.62635309e-006  2.55354747e-006  2.47550560e-006  2.39985896e-006  2.46370116e-006  2.53010467e-006  2.59438395e-006  2.65200332e-006  2.69889704e-006  2.73175623e-006  2.74826227e-006  2.74725047e-006  2.72879221e-006  2.69418996e-006  2.64588530e-006
  2.74659180e-006  2.74724164e-006  2.72371448e-006  2.67831095e-006  2.61547094e-006  2.54133938e-006  2.46316535e-006  2.38859329e-006  2.45144744e-006  2.51772755e-006  2.58275677e-006  2.64194651e-006  2.69112026e-006  2.72680820e-006  2.74649214e-006  2.74878314e-006  2.73351953e-006  2.70177836e-006  2.65579934e-006
  2.74833232e-006  2.74509442e-006  2.71788947e-006  2.66937777e-006  2.60430314e-006  2.52902903e-006  2.45091623e-006  2.37760321e-006  2.43931383e-006  2.50530658e-006  2.57092487e-006  2.63153858e-006  2.68287070e-006  2.72129911e-006  2.74411225e-006  2.74970038e-006  2.73766919e-006  2.70886762e-006  2.66532797e-006
  2.74945854e-006  2.74234089e-006  2.71152546e-006  2.66002560e-006  2.59287733e-006  2.51664685e-006  2.43878854e-006  2.36691591e-006  2.42733032e-006  2.49287246e-006  2.55891753e-006  2.62080526e-006  2.67416876e-006  2.71524257e-006  2.74112849e-006  2.74999992e-006  2.74123091e-006  2.71544019e-006  2.67444761e-006
  2.74996766e-006  2.73898788e-006  2.70463820e-006  2.65027757e-006  2.58122175e-006  2.50422351e-006  2.42681226e-006  2.35655781e-006  2.41552660e-006  2.48045599e-006  2.54676444e-006  2.60977310e-006  2.66503596e-006  2.70865359e-006  2.73754823e-006  2.74968104e-006  2.74419588e-006  2.72147982e-006  2.68313573e-006
  2.74985842e-006  2.73504367e-006  2.69724471e-006  2.64015778e-006  2.56936526e-006  2.49178972e-006  2.41501702e-006  2.34655457e-006  2.40393184e-006  2.46808786e-006  2.53449566e-006  2.59846937e-006  2.65549492e-006  2.70154845e-006  2.73338035e-006  2.74874450e-006  2.74655678e-006  2.72697156e-006  2.69137080e-006
  2.74913110e-006  2.73051802e-006  2.68936328e-006  2.62969129e-006  2.55733718e-006  2.47937622e-006  2.40343202e-006  2.33693091e-006  2.39257473e-006  2.45579867e-006  2.52214154e-006  2.58692207e-006  2.64556922e-006  2.69394473e-006  2.72863513e-006  2.74719263e-006  2.74830776e-006  2.73190183e-006  2.69913248e-006
  2.74764032e-006  2.72494833e-006  2.68025931e-006  2.61794329e-006  2.54409395e-006  2.46593278e-006  2.39110296e-006  2.32692185e-006  2.38052403e-006  2.44255664e-006  2.50864257e-006  2.57411867e-006  2.63436481e-006  2.68512993e-006  2.72283192e-006  2.74481050e-006  2.74951479e-006  2.73661286e-006  2.70701508e-006
  2.74542479e-006  2.71872028e-006  2.67062778e-006  2.60585010e-006  2.53072167e-006  2.45258905e-006  2.37909261e-006  2.31741934e-006  2.36882298e-006  2.42948273e-006  2.49511830e-006  2.56109834e-006  2.62276717e-006  2.67577330e-006  2.71637656e-006  2.74171189e-006  2.74999158e-006  2.74063140e-006  2.71429183e-006
  2.74249099e-006  2.71185212e-006  2.66049688e-006  2.59344714e-006  2.51725947e-006  2.43938407e-006  2.36743611e-006  2.30845117e-006  2.35750585e-006  2.41661519e-006  2.48160832e-006  2.54789920e-006  2.61081022e-006  2.66590226e-006  2.70928794e-006  2.73790587e-006  2.74973673e-006  2.74394570e-006  2.72094141e-006
  2.73884749e-006  2.70436394e-006  2.64989626e-006  2.58077068e-006  2.50374677e-006  2.42635649e-006  2.35616758e-006  2.30004360e-006  2.34660576e-006  2.40399170e-006  2.46815217e-006  2.53455988e-006  2.59852896e-006  2.65554568e-006  2.70158680e-006  2.73340358e-006  2.74875098e-006  2.74654605e-006  2.72694437e-006
  2.73450497e-006  2.69627765e-006  2.63885694e-006  2.56785784e-006  2.49022310e-006  2.41354444e-006  2.34532000e-006  2.29222123e-006  2.33615460e-006  2.39164919e-006  2.45478922e-006  2.52111941e-006  2.58595935e-006  2.64473387e-006  2.69329569e-006  2.72821821e-006  2.74703722e-006  2.74842484e-006  2.73228314e-006
  2.72947613e-006  2.68761693e-006  2.62741124e-006  2.55474638e-006  2.47672805e-006  2.40098541e-006  2.33492511e-006  2.28500697e-006  2.32618295e-006  2.37962379e-006  2.44155859e-006  2.50761711e-006  2.57313817e-006  2.63349847e-006  2.68443886e-006  2.72236491e-006  2.74460047e-006  2.74957658e-006  2.73694210e-006
  2.72377570e-006  2.67840712e-006  2.61559265e-006  2.54147472e-006  2.46330111e-006  2.38871617e-006  2.32501333e-006  2.27842192e-006  2.31672001e-006  2.36795068e-006  2.42849900e-006  2.49409254e-006  2.56010294e-006  2.62187237e-006  2.67504225e-006  2.71586083e-006  2.74144786e-006  2.74999789e-006  2.74090761e-006
  2.71742035e-006  2.66867517e-006  2.60343576e-006  2.52808167e-006  2.44998157e-006  2.37677262e-006  2.31561369e-006  2.27248535e-006  2.30779347e-006  2.35666404e-006  2.41564865e-006  2.48058526e-006  2.54689181e-006  2.60988958e-006  2.66513335e-006  2.70872499e-006  2.73758862e-006  2.74968755e-006  2.74416807e-006
  2.71042868e-006  2.65844957e-006  2.59097613e-006  2.51460644e-006  2.43680842e-006  2.36518971e-006  2.30675368e-006  2.26721464e-006  2.29942945e-006  2.34579690e-006  2.40304519e-006  2.46713480e-006  2.53354344e-006  2.59758519e-006  2.65474116e-006  2.70097828e-006  2.73303403e-006  2.74864645e-006  2.74671393e-006
  2.70282117e-006  2.64776024e-006  2.57825027e-006  2.50108846e-006  2.42382021e-006  2.35400133e-006  2.29845924e-006  2.26262521e-006  2.29165244e-006  2.33538104e-006  2.39072548e-006  2.45378052e-006  2.52009690e-006  2.58499520e-006  2.64389608e-006  2.69264339e-006  2.72779743e-006  2.74687766e-006  2.74853774e-006
  2.69462006e-006  2.63663846e-006  2.56529539e-006  2.48756729e-006  2.41105495e-006  2.34324026e-006  2.29075464e-006  2.25873050e-006  2.28448518e-006  2.32544698e-006  2.37872557e-006  2.44056151e-006  2.50659154e-006  2.57215646e-006  2.63262987e-006  2.68374469e-006  2.72189414e-006  2.74438633e-006  2.74963417e-006
