  3.28082864e+002  3.24971560e+002  3.24946161e+002  3.28232705e+002  3.32674434e+002  3.38581791e+002  3.50811637e+002
  3.28937595e+002  3.24466849e+002  3.22556840e+002  3.25104335e+002  3.29860882e+002  3.34051112e+002  3.42833486e+002
  3.30250899e+002  3.24831017e+002  3.20826604e+002  3.21429331e+002  3.27248798e+002  3.30891426e+002  3.35690507e+002
  3.32104081e+002  3.25588585e+002  3.20833279e+002  3.16891575e+002  3.24323458e+002  3.28761205e+002  3.30929513e+002
  3.34582955e+002  3.26846956e+002  3.21055373e+002  3.16891575e+002  3.20465335e+002  3.27085949e+002  3.28402427e+002
  3.37709585e+002  3.28756326e+002  3.21580078e+002  3.16891575e+002  3.16891575e+002  3.25181795e+002  3.27460368e+002
  3.41405497e+002  3.31494022e+002  3.22557970e+002  3.16891575e+002  3.16891575e+002  3.22628785e+002  3.27771857e+002
  3.45386523e+002  3.35197574e+002  3.24279211e+002  3.16891575e+002  3.16891575e+002  3.20035862e+002  3.28127464e+002
  3.49211881e+002  3.39750696e+002  3.27287530e+002  3.16891575e+002  3.16891575e+002  3.16891575e+002  3.26602806e+002
  3.52756081e+002  3.44269755e+002  3.32595374e+002  3.16891575e+002  3.16891575e+002  3.16891575e+002  3.22178866e+002
  3.55970830e+002  3.48516445e+002  3.38092602e+002  3.23021488e+002  3.16891575e+002  3.16891575e+002  3.16891575e+002
  3.58845059e+002  3.52379421e+002  3.43328069e+002  3.29908841e+002  3.16891575e+002  3.16891575e+002  3.16891575e+002
  3.61410075e+002  3.55802484e+002  3.48123673e+002  3.36557648e+002  3.22261009e+002  3.16891575e+002  3.16891575e+002
  3.63733806e+002  3.58779025e+002  3.52370291e+002  3.42702765e+002  3.29139737e+002  3.16891575e+002  3.16891575e+002
  3.65905240e+002  3.61364135e+002  3.55990635e+002  3.48215693e+002  3.36238793e+002  3.22024052e+002  3.16891575e+002
  3.68015104e+002  3.63665993e+002  3.58989211e+002  3.52914625e+002  3.43141568e+002  3.28907768e+002  3.16891575e+002
  3.70127506e+002  3.65817633e+002  3.61474457e+002  3.56676119e+002  3.49370466e+002  3.36793892e+002  3.21144692e+002
  3.72278076e+002  3.67940146e+002  3.63630411e+002  3.59545099e+002  3.54441114e+002  3.44885254e+002  3.28522057e+002
  3.74455364e+002  3.70122839e+002  3.65654669e+002  3.61748063e+002  3.58111879e+002  3.52065110e+002  3.38275701e+002
  3.76617001e+002  3.72404962e+002  3.67722420e+002  3.63574504e+002  3.60577014e+002  3.57295369e+002  3.48691945e+002
  3.78684982e+002  3.74767437e+002  3.69964594e+002  3.65308568e+002  3.62216978e+002  3.60530587e+002  3.56817192e+002
  3.80585847e+002  3.77130541e+002  3.72435936e+002  3.67223803e+002  3.63405094e+002  3.62273833e+002  3.61749451e+002
  3.82255966e+002  3.79380972e+002  3.75086061e+002  3.69537091e+002  3.64566952e+002  3.62916150e+002  3.64342601e+002
  3.83678241e+002  3.81404385e+002  3.77769444e+002  3.72317852e+002  3.66191263e+002  3.62892445e+002  3.65036040e+002
  3.84868553e+002  3.83122752e+002  3.80297263e+002  3.75435510e+002  3.68654569e+002  3.62987741e+002  3.63833019e+002
  3.85891690e+002  3.84510900e+002  3.82495831e+002  3.78623376e+002  3.71975674e+002  3.64213963e+002  3.61384952e+002
  3.86825420e+002  3.85610302e+002  3.84247407e+002  3.81577063e+002  3.75853066e+002  3.67051227e+002  3.59805054e+002
  3.87756961e+002  3.86515829e+002  3.85526916e+002  3.84015154e+002  3.79854420e+002  3.71273656e+002  3.60754399e+002
  3.88742276e+002  3.87350473e+002  3.86419611e+002  3.85748100e+002  3.83482242e+002  3.76400728e+002  3.64261443e+002
  3.89812770e+002  3.88225743e+002  3.87091417e+002  3.86774524e+002  3.86216778e+002  3.81818966e+002  3.69855915e+002
  3.90951053e+002  3.89223153e+002  3.87725263e+002  3.87287135e+002  3.87778375e+002  3.86494820e+002  3.77366470e+002
  3.92109681e+002  3.90374590e+002  3.88484472e+002  3.87550388e+002  3.88325268e+002  3.89417848e+002  3.85405148e+002
  3.93206343e+002  3.91654106e+002  3.89489940e+002  3.87829493e+002  3.88207695e+002  3.90536891e+002  3.91197935e+002
  3.94162131e+002  3.92975499e+002  3.90787612e+002  3.88383283e+002  3.87774652e+002  3.90337790e+002  3.93916460e+002
  3.94911209e+002  3.94218688e+002  3.92318821e+002  3.89417151e+002  3.87431956e+002  3.89192521e+002  3.94438216e+002
  3.95432258e+002  3.95263683e+002  3.93929359e+002  3.90990953e+002  3.87653510e+002  3.87515162e+002  3.93210149e+002
  3.95742181e+002  3.96027229e+002  3.95421517e+002  3.92964385e+002  3.88805985e+002  3.86072232e+002  3.90225130e+002
  3.95903641e+002  3.96481738e+002  3.96613103e+002  3.95059147e+002  3.90900408e+002  3.85865396e+002  3.86111878e+002
  3.95997916e+002  3.96667268e+002  3.97380225e+002  3.96957604e+002  3.93624195e+002  3.87373991e+002  3.82965737e+002
  3.96110873e+002  3.96680012e+002  3.97694596e+002  3.98366289e+002  3.96527442e+002  3.90370795e+002  3.82455195e+002
  3.96302540e+002  3.96643927e+002  3.97641577e+002  3.99087833e+002  3.99091732e+002  3.94359821e+002  3.84634188e+002
  3.96602513e+002  3.96672940e+002  3.97388820e+002  3.99118711e+002  4.00779957e+002  3.98696710e+002  3.89039629e+002
  3.96997058e+002  3.96849539e+002  3.97121881e+002  3.98653596e+002  4.01304570e+002  4.02312756e+002  3.95468830e+002
  3.97436099e+002  3.97207583e+002  3.97006392e+002  3.97960456e+002  4.00825225e+002  4.04175051e+002  4.02470757e+002
  3.97840174e+002  3.97721291e+002  3.97165585e+002  3.97308104e+002  3.99697126e+002  4.04230875e+002  4.07212919e+002
  3.98126835e+002  3.98305451e+002  3.97646897e+002  3.96958906e+002  3.98274485e+002  4.02973582e+002  4.08854351e+002
  3.98232094e+002  3.98839093e+002  3.98392806e+002  3.97121138e+002  3.96968556e+002  4.00782390e+002  4.08285569e+002
  3.98130198e+002  3.99202104e+002  3.99249322e+002  3.97856690e+002  3.96258245e+002  3.98079328e+002  4.05963517e+002
  3.97838937e+002  3.99309157e+002  4.00018707e+002  3.99026296e+002  3.96513965e+002  3.95639287e+002  4.01891495e+002
  3.97416180e+002  3.99131178e+002  4.00517793e+002  4.00352299e+002  3.97748559e+002  3.94471428e+002  3.96710586e+002
  3.96944063e+002  3.98704962e+002  4.00620950e+002  4.01517466e+002  3.99650264e+002  3.95058588e+002  3.92531755e+002
  3.96504639e+002  3.98124599e+002  4.00296611e+002  4.02227838e+002  4.01771072e+002  3.97172537e+002  3.91034409e+002
  3.96159838e+002  3.97511256e+002  3.99626343e+002  4.02283230e+002  4.03595315e+002  4.00318271e+002  3.92267355e+002
  3.95936990e+002  3.96978004e+002  3.98773961e+002  4.01674889e+002  4.04586036e+002  4.03858928e+002  3.95758300e+002
  3.95825272e+002  3.96606223e+002  3.97922446e+002  4.00591426e+002  4.04450078e+002  4.06734830e+002  4.01312018e+002
  3.95773638e+002  3.96430449e+002  3.97235705e+002  3.99296072e+002  4.03337502e+002  4.07911673e+002  4.07505418e+002
  3.95706098e+002  3.96425313e+002  3.96836442e+002  3.98054455e+002  4.01595268e+002  4.07322140e+002  4.11524094e+002
  3.95539951e+002  3.96507533e+002  3.96772294e+002  3.97127048e+002  3.99572087e+002  4.05444937e+002  4.12507506e+002
  3.95214436e+002  3.96557662e+002  3.96987021e+002  3.96721397e+002  3.97675383e+002  4.02650203e+002  4.11318479e+002
  3.94703324e+002  3.96458126e+002  3.97328550e+002  3.96899811e+002  3.96381874e+002  3.99353132e+002  4.08399368e+002
  3.94026365e+002  3.96125280e+002  3.97601953e+002  3.97524495e+002  3.96061139e+002  3.96324375e+002  4.03741485e+002
  3.93239901e+002  3.95531884e+002  3.97627104e+002  3.98320598e+002  3.96726112e+002  3.94571140e+002  3.97977817e+002
  3.92426298e+002  3.94715135e+002  3.97281378e+002  3.98974968e+002  3.98066654e+002  3.94574432e+002  3.93217550e+002
  3.91665086e+002  3.93769102e+002  3.96535254e+002  3.99198448e+002  3.99638904e+002  3.96104428e+002  3.91138077e+002
  3.91017113e+002  3.92813595e+002  3.95471196e+002  3.98795167e+002  4.00933877e+002  3.98667668e+002  3.91781682e+002
  3.90506817e+002  3.91960000e+002  3.94252592e+002  3.97759076e+002  4.01422373e+002  4.01634266e+002  3.94669961e+002
  3.90121716e+002  3.91287097e+002  3.93061050e+002  3.96279657e+002  4.00817074e+002  4.03957282e+002  3.99608148e+002
  3.89808401e+002  3.90826745e+002  3.92058022e+002  3.94619822e+002  3.99270632e+002  4.04614391e+002  4.05190961e+002
  3.89489579e+002  3.90550750e+002  3.91362887e+002  3.93043542e+002  3.97131358e+002  4.03542903e+002  4.08630275e+002
  3.89081395e+002  3.90373559e+002  3.91019452e+002  3.91807901e+002  3.94748409e+002  4.01224143e+002  4.09073620e+002
  3.88522332e+002  3.90174110e+002  3.90967864e+002  3.91115525e+002  3.92527183e+002  3.98032302e+002  4.07384127e+002
  3.87785851e+002  3.89833899e+002  3.91053315e+002  3.91023115e+002  3.90939306e+002  3.94384487e+002  4.04012109e+002
  3.86890784e+002  3.89268861e+002  3.91079436e+002  3.91387824e+002  3.90346597e+002  3.91048837e+002  3.98957712e+002
  3.85893412e+002  3.88451184e+002  3.90865795e+002  3.91931748e+002  3.90752870e+002  3.89024810e+002  3.92858384e+002
  3.84874941e+002  3.87417509e+002  3.90289688e+002  3.92341361e+002  3.91840532e+002  3.88779442e+002  3.87822815e+002
  3.83915449e+002  3.86260950e+002  3.89321107e+002  3.92328514e+002  3.93163759e+002  3.90065408e+002  3.85515881e+002
  3.83074890e+002  3.85100851e+002  3.88041431e+002  3.91697727e+002  3.94216420e+002  3.92380213e+002  3.85944458e+002
  3.82379186e+002  3.84048026e+002  3.86612916e+002  3.90441967e+002  3.94472266e+002  3.95098494e+002  3.88598535e+002
  3.81815351e+002  3.83181581e+002  3.85216186e+002  3.88748984e+002  3.93644073e+002  3.97182177e+002  3.93284251e+002
  3.81332319e+002  3.82533629e+002  3.84012226e+002  3.86880024e+002  3.91882237e+002  3.97612885e+002  3.98616788e+002
  3.80852379e+002  3.82077366e+002  3.83120303e+002  3.85097794e+002  3.89532522e+002  3.96325496e+002  4.01823298e+002
  3.80294197e+002  3.81728480e+002  3.82584921e+002  3.83658391e+002  3.86942121e+002  3.93797279e+002  4.02050511e+002
  3.79594807e+002  3.81368188e+002  3.82347704e+002  3.82763932e+002  3.84514664e+002  3.90399749e+002  4.00154185e+002
  3.78728878e+002  3.80879311e+002  3.82256575e+002  3.82471483e+002  3.82719824e+002  3.86548206e+002  3.96579975e+002
  3.77711383e+002  3.80179102e+002  3.82118526e+002  3.82640393e+002  3.81917273e+002  3.83008725e+002  3.91326286e+002
  3.76597735e+002  3.79238674e+002  3.81756548e+002  3.82997379e+002  3.82109922e+002  3.80776249e+002  3.85031865e+002
  3.75463178e+002  3.78092817e+002  3.81049656e+002  3.83235459e+002  3.82983348e+002  3.80310456e+002  3.79804174e+002
  3.74385994e+002  3.76830356e+002  3.79967233e+002  3.83072609e+002  3.84100756e+002  3.81359277e+002  3.77294605e+002
  3.73419592e+002  3.75566566e+002  3.78587184e+002  3.82316392e+002  3.84968689e+002  3.83426471e+002  3.77486984e+002
  3.72588340e+002  3.74406840e+002  3.77066827e+002  3.80958032e+002  3.85071828e+002  3.85905956e+002  3.79859736e+002
  3.71873005e+002  3.73425972e+002  3.75580992e+002  3.79179918e+002  3.84126058e+002  3.87785583e+002  3.84234511e+002
  3.71221759e+002  3.72650815e+002  3.74284929e+002  3.77236708e+002  3.82276464e+002  3.88063321e+002  3.89275203e+002
  3.70551532e+002  3.72050906e+002  3.73291877e+002  3.75384290e+002  3.79860950e+002  3.86670328e+002  3.92260240e+002
  3.69781239e+002  3.71537733e+002  3.72640886e+002  3.73871459e+002  3.77219068e+002  3.84073078e+002  3.92340748e+002
  3.68843549e+002  3.70990195e+002  3.72268546e+002  3.72893002e+002  3.74745944e+002  3.80634771e+002  3.90353422e+002
  3.67713963e+002  3.70288331e+002  3.72018972e+002  3.72499114e+002  3.72901900e+002  3.76761706e+002  3.86733951e+002
  3.66403621e+002  3.69348243e+002  3.71696126e+002  3.72543462e+002  3.72037088e+002  3.73209018e+002  3.81472466e+002
  3.64968411e+002  3.68139136e+002  3.71121145e+002  3.72748483e+002  3.72145897e+002  3.70958965e+002  3.75197037e+002
  3.63479560e+002  3.66694899e+002  3.70171652e+002  3.72804434e+002  3.72907255e+002  3.70458563e+002  3.69999843e+002
  3.62014431e+002  3.65102237e+002  3.68816277e+002  3.72427724e+002  3.73879902e+002  3.71445113e+002  3.67514157e+002
  3.60621829e+002  3.63474463e+002  3.67131973e+002  3.71425462e+002  3.74567676e+002  3.73415166e+002  3.67706315e+002
  3.59323401e+002  3.61913536e+002  3.65274676e+002  3.69789197e+002  3.74454208e+002  3.75757790e+002  3.70043400e+002
  3.58095186e+002  3.60490501e+002  3.63416642e+002  3.67701523e+002  3.73256782e+002  3.77456730e+002  3.74341208e+002
  3.56881096e+002  3.59227447e+002  3.61709509e+002  3.65415984e+002  3.71123317e+002  3.77510482e+002  3.79252429e+002
  3.55594207e+002  3.58088640e+002  3.60261775e+002  3.63185846e+002  3.68393142e+002  3.75856851e+002  3.82047893e+002
  3.54148227e+002  3.56980104e+002  3.59106766e+002  3.61255769e+002  3.65405174e+002  3.72967940e+002  3.81890088e+002
  3.52474149e+002  3.55774574e+002  3.58174715e+002  3.59814784e+002  3.62552179e+002  3.69209242e+002  3.79628966e+002
  3.50542345e+002  3.54346541e+002  3.57302860e+002  3.58906055e+002  3.60289610e+002  3.64988305e+002  3.75705229e+002
  3.48366776e+002  3.52605264e+002  3.56288155e+002  3.58375671e+002  3.58959951e+002  3.61058804e+002  3.70115194e+002
  3.46001508e+002  3.50514686e+002  3.54943731e+002  3.57938718e+002  3.58548396e+002  3.58395995e+002  3.63494000e+002
  3.43530794e+002  3.48102274e+002  3.53138331e+002  3.57277859e+002  3.58725564e+002  3.57434415e+002  3.57933564e+002
  3.41041448e+002  3.45452756e+002  3.50829832e+002  3.56100455e+002  3.59043856e+002  3.57898618e+002  3.55051853e+002
  3.38616685e+002  3.42678844e+002  3.48084102e+002  3.54201621e+002  3.59000732e+002  3.59278428e+002  3.54790274e+002
  3.36313723e+002  3.39892235e+002  3.45045423e+002  3.51557966e+002  3.58069989e+002  3.60961388e+002  3.56600709e+002
  3.34182854e+002  3.37181728e+002  3.41876736e+002  3.48334237e+002  3.55954381e+002  3.61927197e+002  3.60302772e+002
  3.32251880e+002  3.34609100e+002  3.38723510e+002  3.44763877e+002  3.52782925e+002  3.61163518e+002  3.64556202e+002
  3.30569182e+002  3.32201097e+002  3.35696880e+002  3.41077772e+002  3.48871866e+002  3.58591438e+002  3.66628555e+002
  3.29194995e+002  3.29969591e+002  3.32846393e+002  3.37496628e+002  3.44532934e+002  3.54660486e+002  3.65671381e+002
  3.28245581e+002  3.27941296e+002  3.30145819e+002  3.34183775e+002  3.40127657e+002  3.49708203e+002  3.62515456e+002
  3.27840447e+002  3.26213187e+002  3.27521897e+002  3.31155924e+002  3.36075051e+002  3.44109919e+002  3.57573899e+002
