  1.14501908e+003  1.12905520e+003  1.11375282e+003  1.09530288e+003  1.05844267e+003
  1.15184866e+003  1.13388353e+003  1.11694704e+003  1.10003367e+003  1.08871787e+003
  1.15111794e+003  1.13586061e+003  1.12150659e+003  1.10786708e+003  1.09363320e+003
  1.14514398e+003  1.13555322e+003  1.12517511e+003  1.11362666e+003  1.10083718e+003
  1.13874947e+003  1.13655230e+003  1.13139118e+003  1.12305794e+003  1.11169266e+003
  1.13829314e+003  1.14420388e+003  1.14494163e+003  1.14092097e+003  1.13077710e+003
  1.14740236e+003  1.16300448e+003  1.17246710e+003  1.17155093e+003  1.16597840e+003
  1.16501792e+003  1.19063348e+003  1.21520019e+003  1.23687711e+003  1.21733310e+003
  1.18808957e+003  1.21621509e+003  1.24881220e+003  1.29794233e+003  1.41941961e+003
  1.21463518e+003  1.23513753e+003  1.25767154e+003  1.28106294e+003  1.28310829e+003
  1.24279421e+003  1.25216730e+003  1.26289671e+003  1.27259119e+003  1.28310274e+003
  1.26683630e+003  1.26805262e+003  1.27235156e+003  1.27858299e+003  1.28507941e+003
  1.28000845e+003  1.27746331e+003  1.27875147e+003  1.28286857e+003  1.28926553e+003
  1.27911139e+003  1.27630004e+003  1.27715882e+003  1.28107266e+003  1.28761757e+003
  1.26421745e+003  1.26375404e+003  1.26613455e+003  1.27097892e+003  1.27810478e+003
  1.23788006e+003  1.24174373e+003  1.24692991e+003  1.25339577e+003  1.26119235e+003
  1.20566170e+003  1.21455196e+003  1.22285308e+003  1.23105894e+003  1.23938595e+003
  1.17529825e+003  1.18766776e+003  1.19809071e+003  1.20725847e+003  1.21600013e+003
  1.15305942e+003  1.16556254e+003  1.17561562e+003  1.18485749e+003  1.19242215e+003
  1.14242666e+003  1.15134240e+003  1.15651260e+003  1.15984669e+003  1.17113947e+003
  1.14563639e+003  1.14894461e+003  1.14664297e+003  1.13638185e+003  1.10517838e+003
  1.16360470e+003  1.16113675e+003  1.15424578e+003  1.14270928e+003  1.13124059e+003
  1.19375751e+003  1.18532261e+003  1.17527506e+003  1.16353011e+003  1.14898672e+003
  1.22812668e+003  1.21486958e+003  1.20216394e+003  1.18898725e+003  1.17479419e+003
  1.25803978e+003  1.24357963e+003  1.23057771e+003  1.21763896e+003  1.20417830e+003
  1.27861621e+003  1.26811629e+003  1.25826656e+003  1.24829687e+003  1.23601255e+003
  1.28756012e+003  1.28789994e+003  1.28756924e+003  1.28127919e+003  1.27457169e+003
  1.28371105e+003  1.29967448e+003  1.31856679e+003  1.33823727e+003  1.31828296e+003
  1.26872017e+003  1.29529300e+003  1.32786107e+003  1.37953674e+003  1.50976530e+003
  1.24881461e+003  1.27537613e+003  1.30261763e+003  1.32987276e+003  1.33408976e+003
  1.23143741e+003  1.25388714e+003  1.27354614e+003  1.28888364e+003  1.30261848e+003
  1.22139026e+003  1.24043962e+003  1.25652820e+003  1.26972455e+003  1.27906657e+003
  1.22076984e+003  1.23655686e+003  1.24982637e+003  1.26066770e+003  1.26916678e+003
  1.22952500e+003  1.24080063e+003  1.25072175e+003  1.25944978e+003  1.26690443e+003
  1.24450955e+003  1.24966693e+003  1.25560323e+003  1.26202347e+003  1.26869103e+003
  1.25786907e+003  1.25726063e+003  1.25945891e+003  1.26378765e+003  1.26986910e+003
  1.26153643e+003  1.25748210e+003  1.25718496e+003  1.26010646e+003  1.26581226e+003
  1.25190864e+003  1.24663203e+003  1.24523607e+003  1.24727406e+003  1.25300218e+003
  1.22932977e+003  1.22390208e+003  1.22177938e+003  1.22378234e+003  1.22816094e+003
  1.19733239e+003  1.19209852e+003  1.18729806e+003  1.18403511e+003  1.19354778e+003
  1.16301377e+003  1.15936415e+003  1.15205292e+003  1.13745458e+003  1.09736741e+003
  1.13534617e+003  1.13570582e+003  1.13145981e+003  1.12311002e+003  1.11952269e+003
  1.12058710e+003  1.12436387e+003  1.12365319e+003  1.11955962e+003  1.11112544e+003
  1.12085090e+003  1.12587176e+003  1.12616872e+003  1.12197105e+003  1.11363195e+003
  1.13611100e+003  1.14055087e+003  1.14057318e+003  1.13604859e+003  1.12704991e+003
  1.16469229e+003  1.16784204e+003  1.16719798e+003  1.16276447e+003  1.15291665e+003
  1.20139193e+003  1.20488793e+003  1.20646919e+003  1.20133784e+003  1.19407092e+003
  1.23530101e+003  1.24210004e+003  1.25359529e+003  1.26679819e+003  1.24578708e+003
  1.25517493e+003  1.26339887e+003  1.28155586e+003  1.31956328e+003  1.42771659e+003
  1.25617903e+003  1.26139797e+003  1.27288041e+003  1.28894375e+003  1.28904036e+003
  1.23954806e+003  1.24248837e+003  1.24819748e+003  1.25462798e+003  1.26369600e+003
  1.20971455e+003  1.21450133e+003  1.22026855e+003  1.22679817e+003  1.23318069e+003
  1.17343873e+003  1.18239768e+003  1.19035606e+003  1.19757050e+003  1.20431873e+003
  1.13888301e+003  1.15144067e+003  1.16155924e+003  1.16981412e+003  1.17652566e+003
  1.11212435e+003  1.12633307e+003  1.13753671e+003  1.14624441e+003  1.15278295e+003
  1.09574236e+003  1.10969099e+003  1.12062202e+003  1.12899908e+003  1.13512459e+003
  1.09041576e+003  1.10214305e+003  1.11130537e+003  1.11851493e+003  1.12396577e+003
  1.09553679e+003  1.10244308e+003  1.10806967e+003  1.11288145e+003  1.11769117e+003
  1.10804612e+003  1.10680099e+003  1.10652075e+003  1.10850969e+003  1.11078227e+003
  1.12097173e+003  1.11019399e+003  1.10078632e+003  1.09332484e+003  1.10086682e+003
  1.12768169e+003  1.11075912e+003  1.09414185e+003  1.07228712e+003  1.02082644e+003
  1.12548167e+003  1.10868745e+003  1.09378222e+003  1.08093772e+003  1.08310011e+003
  1.11424172e+003  1.10160214e+003  1.09120715e+003  1.08384919e+003  1.07769573e+003
  1.09588458e+003  1.08882806e+003  1.08199869e+003  1.07522548e+003  1.06884796e+003
  1.07545059e+003  1.07468320e+003  1.07170524e+003  1.06654600e+003  1.05935388e+003
  1.05996223e+003  1.06552110e+003  1.06664485e+003  1.06378147e+003  1.05598873e+003
  1.05399253e+003  1.06655739e+003  1.07363577e+003  1.07213366e+003  1.06637467e+003
  1.05766992e+003  1.07721220e+003  1.09493648e+003  1.10934848e+003  1.09178668e+003
  1.06897878e+003  1.08973922e+003  1.11300741e+003  1.14760360e+003  1.23431959e+003
  1.08612118e+003  1.10012501e+003  1.11535464e+003  1.13103033e+003  1.13109638e+003
  1.10657522e+003  1.11080385e+003  1.11638149e+003  1.12145919e+003  1.12729615e+003
  1.12392624e+003  1.12069043e+003  1.12055851e+003  1.12247637e+003  1.12509779e+003
  1.13113943e+003  1.12434747e+003  1.12139418e+003  1.12135535e+003  1.12370675e+003
  1.12497651e+003  1.11791507e+003  1.11451804e+003  1.11419769e+003  1.11656275e+003
  1.10554929e+003  1.10074008e+003  1.09875403e+003  1.09922812e+003  1.10198854e+003
  1.07548129e+003  1.07485263e+003  1.07552044e+003  1.07744897e+003  1.08070165e+003
  1.04040012e+003  1.04460651e+003  1.04820398e+003  1.05171096e+003  1.05531078e+003
  1.00803124e+003  1.01549052e+003  1.02103292e+003  1.02527780e+003  1.02922282e+003
  9.84572196e+002  9.91915221e+002  9.96837763e+002  1.00124096e+003  1.00344221e+003
  9.73408129e+002  9.77311222e+002  9.76991588e+002  9.73980914e+002  9.82225657e+002
  9.76466435e+002  9.76382946e+002  9.70339230e+002  9.53761967e+002  9.01889016e+002
  9.93828578e+002  9.90803828e+002  9.84651670e+002  9.76733257e+002  9.81473884e+002
  1.02175449e+003  1.01465628e+003  1.00786455e+003  1.00258578e+003  9.97039718e+002
  1.05165047e+003  1.03961770e+003  1.02959376e+003  1.02082874e+003  1.01330608e+003
  1.07513233e+003  1.06046350e+003  1.04833873e+003  1.03765994e+003  1.02783564e+003
  1.08818370e+003  1.07520326e+003  1.06391053e+003  1.05355073e+003  1.04247057e+003
  1.08972904e+003  1.08421250e+003  1.07891607e+003  1.07002823e+003  1.06118391e+003
  1.08013904e+003  1.08652636e+003  1.09482170e+003  1.10326033e+003  1.08423477e+003
  1.06237983e+003  1.07806429e+003  1.09716944e+003  1.12845404e+003  1.21113224e+003
  1.04285867e+003  1.06033975e+003  1.07755062e+003  1.09444520e+003  1.09644721e+003
  1.02811160e+003  1.04376436e+003  1.05678185e+003  1.06640719e+003  1.07457035e+003
  1.02191353e+003  1.03540762e+003  1.04617016e+003  1.05440481e+003  1.05959342e+003
  1.02575174e+003  1.03652559e+003  1.04502385e+003  1.05143375e+003  1.05586735e+003
  1.03927898e+003  1.04583507e+003  1.05128277e+003  1.05579951e+003  1.05933818e+003
  1.05920156e+003  1.05990497e+003  1.06158957e+003  1.06396840e+003  1.06681096e+003
  1.07774635e+003  1.07296386e+003  1.07112669e+003  1.07157150e+003  1.07392960e+003
  1.08707076e+003  1.07909085e+003  1.07496132e+003  1.07416086e+003  1.07625413e+003
  1.08373088e+003  1.07473390e+003  1.06969646e+003  1.06816259e+003  1.07042604e+003
  1.06812540e+003  1.05916020e+003  1.05356872e+003  1.05222361e+003  1.05320004e+003
  1.04376044e+003  1.03527010e+003  1.02718749e+003  1.02050243e+003  1.02729508e+003
  1.01757993e+003  1.01129439e+003  1.00141888e+003  9.83839483e+002  9.37721848e+002
  9.98200099e+002  9.96617154e+002  9.90921872e+002  9.82013212e+002  9.81058407e+002
  9.91445571e+002  9.93724239e+002  9.92149618e+002  9.88127520e+002  9.80545033e+002
  9.99192757e+002  1.00270238e+003  1.00198877e+003  9.97334746e+002  9.89207382e+002
  1.02145990e+003  1.02410732e+003  1.02271677e+003  1.01721497e+003  1.00765890e+003
  1.05678227e+003  1.05771831e+003  1.05519176e+003  1.04918889e+003  1.03820195e+003
  1.10024557e+003  1.10093076e+003  1.09994736e+003  1.09282811e+003  1.08365589e+003
  1.14133632e+003  1.14473456e+003  1.15257487e+003  1.16191585e+003  1.13990195e+003
  1.16915055e+003  1.17401218e+003  1.18819401e+003  1.22053193e+003  1.31621969e+003
  1.17888106e+003  1.18167581e+003  1.19058407e+003  1.20414827e+003  1.20411092e+003
  1.17150876e+003  1.17295132e+003  1.17731068e+003  1.18276796e+003  1.19104874e+003
  1.15114975e+003  1.15499755e+003  1.16000860e+003  1.16600600e+003  1.17220249e+003
  1.12429691e+003  1.13266036e+003  1.14022857e+003  1.14727647e+003  1.15408462e+003
  1.09890081e+003  1.11116414e+003  1.12120014e+003  1.12957740e+003  1.13661841e+003
  1.08091346e+003  1.09516568e+003  1.10660241e+003  1.11572354e+003  1.12285317e+003
  1.07291033e+003  1.08729300e+003  1.09880211e+003  1.10790006e+003  1.11488275e+003
  1.07566475e+003  1.08825151e+003  1.09836697e+003  1.10660915e+003  1.11320041e+003
  1.08871038e+003  1.09692027e+003  1.10387088e+003  1.11008653e+003  1.11624795e+003
  1.10912846e+003  1.10964766e+003  1.11112824e+003  1.11466634e+003  1.11891573e+003
  1.13004784e+003  1.12119897e+003  1.11411499e+003  1.10963772e+003  1.11753219e+003
